3.0789 3.0789 3.0789 90 90 90
-0.5 0.5 0.5
 0.5 -0.5 0.5
 0.5 0.5 -0.5

0 0 0 ac_A=1

0.317 0.317 0.317 ac_A=1
-0.317 -0.317 0.317 ac_A=1
-0.317 0.317 -0.317 ac_A=1
0.317 -0.317 -0.317 ac_A=1

0.089 0.089 0.278 g1_A=0.5,g1_B=0.5
-0.089 -0.089 0.278 g1_A=0.5,g1_B=0.5
-0.089 0.089 -0.278 g1_A=0.5,g1_B=0.5
0.089 -0.089 -0.278 g1_A=0.5,g1_B=0.5
0.278 0.089 0.089 g1_A=0.5,g1_B=0.5
0.278 -0.089 -0.089 g1_A=0.5,g1_B=0.5
-0.278 -0.089 0.089 g1_A=0.5,g1_B=0.5
-0.278 0.089 -0.089 g1_A=0.5,g1_B=0.5
0.089 0.278 0.089 g1_A=0.5,g1_B=0.5
-0.089 0.278 -0.089 g1_A=0.5,g1_B=0.5
0.089 -0.278 -0.089 g1_A=0.5,g1_B=0.5
-0.089 -0.278 0.089 g1_A=0.5,g1_B=0.5

0.356 0.356 0.042 g2_A=1
-0.356 -0.356 0.042 g2_A=1
-0.356 0.356 -0.042 g2_A=1
0.356 -0.356 -0.042 g2_A=1
0.042 0.356 0.356 g2_A=1
0.042 -0.356 -0.356 g2_A=1
-0.042 -0.356 0.356 g2_A=1
-0.042 0.356 -0.356 g2_A=1
0.356 0.042 0.356 g2_A=1
-0.356 0.042 -0.356 g2_A=1
0.356 -0.042 -0.356 g2_A=1
-0.356 -0.042 0.356 g2_A=1

