1.9 1.9 1.0 90 90 90
1 0 0
0 1 0
0 0 1

0.000 0.000 0.500 aj_A=1
0.500 0.500 0.000 aj_A=1

0.561 0.235 0.000 aj_A=1
0.235 0.561 0.000 aj_A=1
-0.235 -0.561 0.000 aj_A=1
-0.561 -0.235 0.000 aj_A=1
1.061 0.265 -0.500 aj_A=1
0.265 1.061 -0.500 aj_A=1
0.735 -0.061 -0.500 aj_A=1
-0.061 0.735 -0.500 aj_A=1

0.103 0.103 0.000 g_A=0.5,g_B=0.5
-0.103 -0.103 0.000 g_A=0.5,g_B=0.5
0.603 0.397 -0.500 g_A=0.5,g_B=0.5
0.397 0.603 -0.500 g_A=0.5,g_B=0.5

0.318 0.318 0.730 ii_A=1
-0.318 -0.318 0.730 ii_A=1
0.318 0.318 0.270 ii_A=1
-0.318 -0.318 0.270 ii_A=1
0.818 0.182 0.230 ii_A=1
0.182 0.818 0.230 ii_A=1
0.818 0.182 -0.230 ii_A=1
0.182 0.818 -0.230 ii_A=1
0.367 0.038 0.000 ii_A=1
0.038 0.367 0.000 ii_A=1
-0.038 -0.367 0.000 ii_A=1
-0.367 -0.038 0.000 ii_A=1
0.867 0.462 -0.500 ii_A=1
0.462 0.867 -0.500 ii_A=1
0.538 0.133 -0.500 ii_A=1
0.133 0.538 -0.500 ii_A=1
