2	2.828427	0.000000	0.000000	0.000000
2	4.000000	0.000000	0.000000	0.000000
2	4.000000	0.000000	0.000000	0.000000
2	4.898979	0.000000	0.000000	0.000000
2	5.656854	0.000000	0.000000	0.000000
2	5.656854	0.000000	0.000000	0.000000
2	6.324555	0.000000	0.000000	0.000000
2	6.928203	0.000000	0.000000	0.000000
2	7.483315	0.000000	0.000000	0.000000
2	8.000000	-0.333333	0.000000	-0.333333
2	8.000000	-0.333333	0.000000	-0.333333
2	8.485281	0.000000	0.000000	0.000000
2	8.485281	0.000000	0.000000	0.000000
2	8.944272	0.000000	0.000000	0.000000
2	8.944272	0.000000	0.000000	0.000000
2	8.944272	0.000000	0.000000	0.000000
2	9.380832	0.000000	0.000000	0.000000
2	9.797959	0.000000	0.000000	0.000000
2	9.797959	0.000000	0.000000	0.000000
2	10.198039	0.000000	0.000000	0.000000
2	10.198039	0.000000	0.000000	0.000000
2	10.954451	0.000000	0.000000	0.000000
2	11.313708	-0.333333	0.000000	-0.333333
2	11.313708	-0.333333	0.000000	-0.333333
2	11.661904	0.000000	0.000000	0.000000
2	11.661904	0.000000	0.000000	0.000000
2	12.000000	0.000000	0.000000	0.000000
2	12.000000	0.000000	0.000000	0.000000
2	12.000000	0.000000	0.000000	0.000000
2	12.000000	0.000000	0.000000	0.000000
2	12.328828	0.000000	0.000000	0.000000
2	12.328828	0.000000	0.000000	0.000000
2	12.649111	0.000000	0.000000	0.000000
2	12.649111	0.000000	0.000000	0.000000
2	12.649111	0.000000	0.000000	0.000000
2	12.961481	0.000000	0.000000	0.000000
2	13.266499	0.000000	0.000000	0.000000
2	13.266499	0.000000	0.000000	0.000000
2	13.564660	0.000000	0.000000	0.000000
2	13.856406	1.000000	0.000000	1.000000
3	2.828427	0.000000	0.000000	0.000000
3	4.000000	0.000000	0.000000	0.000000
3	4.000000	0.000000	0.000000	0.000000
3	4.898979	0.000000	0.000000	0.000000
3	4.898979	0.000000	0.000000	0.000000
3	4.898979	0.000000	0.000000	0.000000
3	4.898979	0.000000	0.000000	0.000000
3	4.898979	0.000000	0.000000	0.000000
3	4.898979	0.000000	0.000000	0.000000
3	5.656854	0.000000	0.000000	0.000000
3	5.656854	0.000000	0.000000	0.000000
3	5.656854	0.000000	0.000000	0.000000
3	5.656854	0.000000	0.000000	0.000000
3	5.656854	0.000000	0.000000	0.000000
3	5.656854	0.000000	0.000000	0.000000
3	5.656854	0.000000	0.000000	0.000000
3	6.324555	0.000000	0.000000	0.000000
3	6.324555	0.000000	0.000000	0.000000
3	6.324555	0.000000	0.000000	0.000000
3	6.324555	0.000000	0.000000	0.000000
3	6.324555	0.000000	0.000000	0.000000
3	6.324555	0.000000	0.000000	0.000000
3	6.324555	0.000000	0.000000	0.000000
3	6.324555	0.000000	0.000000	0.000000
3	6.324555	0.000000	0.000000	0.000000
3	6.324555	0.000000	0.000000	0.000000
3	6.324555	0.000000	0.000000	0.000000
3	6.324555	0.000000	0.000000	0.000000
3	6.928203	0.000000	0.000000	0.000000
3	6.928203	0.000000	0.000000	0.000000
3	6.928203	0.000000	0.000000	0.000000
3	6.928203	0.000000	0.000000	0.000000
3	6.928203	0.000000	0.000000	0.000000
3	7.483315	0.000000	0.000000	0.000000
3	7.483315	0.000000	0.000000	0.000000
3	7.483315	0.000000	0.000000	0.000000
3	7.483315	0.000000	0.000000	0.000000
3	7.483315	0.000000	0.000000	0.000000
3	7.483315	0.000000	0.000000	0.000000
3	7.483315	0.000000	0.000000	0.000000
3	7.483315	0.000000	0.000000	0.000000
3	7.483315	0.000000	0.000000	0.000000
3	7.483315	0.000000	0.000000	0.000000
3	7.483315	0.000000	0.000000	0.000000
3	7.483315	0.000000	0.000000	0.000000
3	7.483315	0.000000	0.000000	0.000000
3	7.483315	0.000000	0.000000	0.000000
3	7.483315	0.000000	0.000000	0.000000
3	7.483315	0.000000	0.000000	0.000000
3	7.483315	0.000000	0.000000	0.000000
3	7.483315	0.000000	0.000000	0.000000
3	7.483315	0.000000	0.000000	0.000000
3	7.483315	0.000000	0.000000	0.000000
3	7.483315	0.000000	0.000000	0.000000
3	7.483315	0.000000	0.000000	0.000000
3	7.483315	0.000000	0.000000	0.000000
3	7.483315	0.000000	0.000000	0.000000
3	7.483315	0.000000	0.000000	0.000000
3	7.483315	0.000000	0.000000	0.000000
3	7.483315	0.000000	0.000000	0.000000
3	7.483315	0.000000	0.000000	0.000000
3	8.000000	0.000000	0.000000	0.000000
3	8.000000	0.000000	0.000000	0.000000
3	8.000000	0.000000	0.000000	0.000000
3	8.000000	0.000000	0.000000	0.000000
3	8.000000	0.000000	0.000000	0.000000
3	8.000000	0.000000	0.000000	0.000000
3	8.000000	0.000000	0.000000	0.000000
3	8.000000	0.000000	0.000000	0.000000
3	8.000000	0.000000	0.000000	0.000000
3	8.000000	0.000000	0.000000	0.000000
3	8.000000	0.000000	0.000000	0.000000
3	8.000000	0.000000	0.000000	0.000000
3	8.000000	0.000000	0.000000	0.000000
3	8.000000	0.000000	0.000000	0.000000
4	4.000000	-0.333333	0.000000	-0.333333
4	4.000000	0.000000	0.000000	0.000000
4	4.000000	-0.333333	0.000000	-0.333333
4	4.898979	0.000000	0.000000	0.000000
4	4.898979	0.000000	0.000000	0.000000
4	4.898979	0.000000	0.000000	0.000000
4	4.898979	0.000000	0.000000	0.000000
4	4.898979	0.000000	0.000000	0.000000
4	4.898979	-0.333333	0.000000	-0.333333
4	4.898979	0.000000	0.000000	0.000000
4	4.898979	0.000000	0.000000	0.000000
4	4.898979	-0.333333	0.000000	-0.333333
4	4.898979	0.000000	0.000000	0.000000
4	4.898979	-0.333333	0.000000	-0.333333
4	5.656854	0.000000	0.000000	0.000000
4	5.656854	0.000000	0.000000	0.000000
4	5.656854	0.000000	0.000000	0.000000
4	5.656854	0.000000	0.000000	0.000000
4	5.656854	0.000000	0.000000	0.000000
4	5.656854	0.333333	0.000000	0.333333
4	5.656854	0.000000	0.000000	0.000000
4	5.656854	0.000000	0.000000	0.000000
4	5.656854	0.333333	0.000000	0.333333
4	5.656854	0.000000	0.000000	0.000000
4	5.656854	0.000000	0.000000	0.000000
4	5.656854	0.000000	0.000000	0.000000
4	5.656854	0.000000	0.000000	0.000000
4	5.656854	-1.000000	0.000000	-1.000000
4	5.656854	0.000000	0.000000	0.000000
4	5.656854	0.000000	0.000000	0.000000
4	5.656854	0.000000	0.000000	0.000000
4	5.656854	0.000000	0.000000	0.000000
4	5.656854	-0.333333	0.000000	-0.333333
4	5.656854	0.000000	0.000000	0.000000
4	5.656854	0.333333	0.000000	0.333333
4	5.656854	0.000000	0.000000	0.000000
4	5.656854	0.000000	0.000000	0.000000
4	5.656854	0.000000	0.000000	0.000000
4	5.656854	0.000000	0.000000	0.000000
Objective_function= -70.669011
