#paraview/vtk font https://www.paraview.org/ 
char !
width  0.166
numpts 11
 0.007 -0.072 0
 0.159 -0.071 0
 0.004  0.077 0
 0.162  0.077 0
 0.047  0.201 0
 0.127  0.202 0
 0.042  0.205 0
 0.000  0.769 0
 0.166  0.769 0
 0.004  1.026 0
 0.162  1.026 0
numpoly 7
3 2 1 3
3 2 0 1
3 7 6 5
3 6 4 5
3 8 7 5
3 7 8 9
3 10 9 8
end
char "
width  0.403
numpts 21
 0.044  0.636 0
 0.113  0.636 0
 0.290  0.636 0
 0.038  0.639 0
 0.118  0.638 0
 0.122  0.643 0
 0.284  0.643 0
 0.364  0.638 0
 0.368  0.643 0
 0.000  0.843 0
 0.154  0.843 0
 0.249  0.843 0
 0.402  0.843 0
 0.000  1.020 0
 0.248  1.020 0
 0.403  1.020 0
 0.153  1.023 0
 0.253  1.026 0
 0.004  1.026 0
 0.147  1.027 0
 0.398  1.026 0
numpoly 17
3 3 5 9
3 7 6 2
3 4 5 1
3 6 8 12
3 0 1 5
3 6 12 11
3 3 0 5
3 7 8 6
3 11 12 14
3 13 9 10
3 10 9 5
3 15 14 12
3 19 18 10
3 18 13 10
3 17 14 20
3 14 15 20
3 16 19 10
end
char #
width  0.821
numpts 43
 0.069 -0.091 0
 0.172 -0.092 0
 0.414 -0.089 0
 0.520 -0.092 0
 0.128  0.220 0
 0.241  0.220 0
 0.476  0.220 0
 0.000  0.231 0
 0.120  0.227 0
 0.252  0.227 0
 0.469  0.227 0
 0.595  0.227 0
 0.821  0.231 0
 0.000  0.334 0
 0.821  0.334 0
 0.150  0.340 0
 0.498  0.340 0
 0.617  0.340 0
 0.269  0.340 0
 0.266  0.346 0
 0.207  0.603 0
 0.554  0.603 0
 0.666  0.603 0
 0.320  0.606 0
 0.000  0.614 0
 0.200  0.610 0
 0.549  0.610 0
 0.675  0.610 0
 0.821  0.614 0
 0.000  0.717 0
 0.223  0.721 0
 0.349  0.722 0
 0.572  0.721 0
 0.698  0.722 0
 0.818  0.720 0
 0.232  0.729 0
 0.344  0.729 0
 0.579  0.729 0
 0.692  0.729 0
 0.298  1.042 0
 0.403  1.043 0
 0.646  1.042 0
 0.751  1.043 0
numpoly 43
3 6 2 3
3 5 0 1
3 0 5 4
3 18 9 10
3 11 6 3
3 4 9 8
3 13 8 15
3 17 6 11
3 9 4 5
3 13 7 8
3 17 12 14
3 8 9 15
3 15 19 20
3 16 6 17
3 12 17 11
3 18 10 16
3 10 6 16
3 21 16 17
3 18 19 9
3 15 9 19
3 20 30 25
3 23 20 19
3 34 33 28
3 29 24 25
3 29 25 30
3 27 21 22
3 33 21 27
3 20 23 30
3 22 21 17
3 33 27 28
3 31 26 32
3 35 30 23
3 32 38 37
3 31 35 23
3 21 32 26
3 26 31 23
3 32 21 38
3 41 37 38
3 36 35 31
3 38 21 33
3 40 39 36
3 42 41 38
3 39 35 36
end
char $
width  0.726
numpts 73
 0.330 -0.229 0
 0.398 -0.230 0
 0.324 -0.099 0
 0.410 -0.094 0
 0.210 -0.071 0
 0.532 -0.066 0
 0.136 -0.035 0
 0.610 -0.018 0
 0.318  0.019 0
 0.326  0.026 0
 0.410  0.020 0
 0.650  0.022 0
 0.061  0.043 0
 0.473  0.038 0
 0.250  0.045 0
 0.514  0.066 0
 0.550  0.106 0
 0.553  0.111 0
 0.553  0.111 0
 0.175  0.129 0
 0.710  0.129 0
 0.012  0.151 0
 0.162  0.163 0
 0.578  0.169 0
 0.158  0.173 0
 0.156  0.180 0
 0.586  0.214 0
 0.726  0.214 0
 0.000  0.226 0
 0.139  0.254 0
 0.578  0.294 0
 0.716  0.323 0
 0.564  0.329 0
 0.530  0.370 0
 0.698  0.374 0
 0.451  0.409 0
 0.456  0.407 0
 0.444  0.411 0
 0.410  0.420 0
 0.325  0.437 0
 0.661  0.433 0
 0.193  0.492 0
 0.598  0.489 0
 0.530  0.524 0
 0.109  0.546 0
 0.407  0.563 0
 0.325  0.586 0
 0.067  0.596 0
 0.273  0.598 0
 0.198  0.651 0
 0.033  0.673 0
 0.172  0.700 0
 0.558  0.776 0
 0.023  0.786 0
 0.163  0.786 0
 0.696  0.797 0
 0.181  0.850 0
 0.530  0.861 0
 0.679  0.866 0
 0.050  0.890 0
 0.490  0.910 0
 0.244  0.920 0
 0.410  0.945 0
 0.636  0.946 0
 0.084  0.946 0
 0.318  0.949 0
 0.147  1.006 0
 0.558  1.016 0
 0.187  1.028 0
 0.325  1.066 0
 0.407  1.066 0
 0.327  1.123 0
 0.405  1.123 0
numpoly 75
3 3 8 2
3 2 8 4
3 19 12 6
3 13 11 15
3 9 8 10
3 3 2 1
3 8 3 10
3 5 13 10
3 15 11 16
3 7 13 5
3 4 14 6
3 2 0 1
3 5 10 3
3 12 22 21
3 14 4 8
3 13 7 11
3 11 18 16
3 20 23 18
3 18 17 16
3 20 18 11
3 19 6 14
3 28 21 29
3 26 23 20
3 12 19 22
3 25 22 24
3 21 22 25
3 21 25 29
3 26 27 30
3 27 26 20
3 31 32 30
3 31 30 27
3 40 33 32
3 37 43 38
3 34 32 31
3 38 39 9
3 40 32 34
3 38 9 10
3 43 33 42
3 37 36 43
3 39 38 43
3 42 33 40
3 35 36 37
3 33 43 36
3 39 45 46
3 48 41 39
3 45 39 43
3 41 48 44
3 47 51 50
3 46 62 65
3 48 39 46
3 44 49 47
3 49 44 48
3 54 53 50
3 51 47 49
3 53 56 59
3 53 54 56
3 66 64 56
3 55 58 52
3 58 57 52
3 54 50 51
3 59 56 64
3 67 60 63
3 60 57 63
3 66 61 68
3 61 66 56
3 68 65 69
3 65 62 69
3 62 46 45
3 63 57 58
3 62 60 67
3 68 61 65
3 71 70 72
3 70 62 67
3 62 70 69
3 71 69 70
end
char %
width  1.183
numpts 81
 0.240 -0.111 0
 0.344 -0.112 0
 0.967 -0.113 0
 0.876 -0.103 0
 1.037 -0.094 0
 0.824 -0.078 0
 1.087 -0.064 0
 0.922 -0.015 0
 0.962 -0.018 0
 0.762 -0.014 0
 0.996 -0.008 0
 1.141 -0.003 0
 0.886  0.003 0
 1.037  0.031 0
 0.851  0.049 0
 0.730  0.054 0
 1.170  0.066 0
 1.060  0.094 0
 0.832  0.140 0
 1.183  0.146 0
 0.714  0.151 0
 0.714  0.214 0
 1.066  0.214 0
 0.834  0.237 0
 1.180  0.237 0
 0.730  0.300 0
 1.167  0.300 0
 0.851  0.306 0
 1.047  0.304 0
 0.869  0.334 0
 1.007  0.355 0
 1.139  0.363 0
 0.904  0.363 0
 0.939  0.373 0
 0.979  0.369 0
 0.773  0.386 0
 1.093  0.415 0
 0.842  0.445 0
 1.019  0.457 0
 0.253  0.464 0
 0.927  0.467 0
 0.162  0.475 0
 0.323  0.483 0
 0.373  0.513 0
 0.076  0.527 0
 0.207  0.562 0
 0.247  0.559 0
 0.042  0.573 0
 0.282  0.569 0
 0.426  0.574 0
 0.172  0.580 0
 0.323  0.609 0
 0.018  0.626 0
 0.137  0.626 0
 0.455  0.643 0
 0.340  0.649 0
 0.003  0.694 0
 0.117  0.717 0
 0.352  0.723 0
 0.469  0.723 0
 0.000  0.791 0
 0.120  0.814 0
 0.466  0.814 0
 0.342  0.854 0
 0.453  0.877 0
 0.018  0.883 0
 0.137  0.883 0
 0.154  0.911 0
 0.316  0.910 0
 0.293  0.932 0
 0.428  0.934 0
 0.190  0.940 0
 0.247  0.950 0
 0.064  0.969 0
 0.379  0.993 0
 0.093  0.999 0
 0.156  1.034 0
 0.310  1.032 0
 0.842  1.042 0
 0.946  1.043 0
 0.253  1.044 0
numpoly 79
3 0 1 78
3 10 4 6
3 2 8 3
3 9 14 15
3 4 10 8
3 3 7 5
3 7 3 8
3 10 6 13
3 12 5 7
3 5 12 9
3 4 8 2
3 13 16 17
3 17 19 22
3 14 9 12
3 15 18 20
3 11 13 6
3 13 11 16
3 17 16 19
3 18 15 14
3 21 20 18
3 21 23 25
3 22 26 28
3 23 21 18
3 24 22 19
3 25 27 35
3 35 29 37
3 22 24 26
3 28 31 30
3 27 25 23
3 31 28 26
3 27 29 35
3 36 30 31
3 38 34 30
3 38 33 34
3 37 32 40
3 32 33 40
3 38 30 36
3 32 37 29
3 40 33 38
3 42 46 39
3 47 53 52
3 48 43 51
3 39 46 41
3 41 50 44
3 56 57 60
3 45 41 46
3 42 48 46
3 48 42 43
3 50 41 45
3 53 47 44
3 51 49 55
3 54 55 49
3 53 44 50
3 49 51 43
3 55 54 58
3 59 58 54
3 57 56 52
3 57 52 53
3 60 61 65
3 58 62 63
3 57 61 60
3 62 64 63
3 65 66 73
3 66 65 61
3 73 66 75
3 58 59 62
3 63 64 68
3 70 69 68
3 67 75 66
3 70 68 64
3 76 71 72
3 75 67 76
3 74 69 70
3 71 76 67
3 69 77 72
3 72 77 80
3 77 69 74
3 76 72 80
3 79 78 1
end
char &
width  0.916
numpts 76
 0.379 -0.090 0
 0.824 -0.092 0
 0.270 -0.084 0
 0.453 -0.077 0
 0.190 -0.059 0
 0.510 -0.056 0
 0.773 -0.055 0
 0.144 -0.034 0
 0.579 -0.017 0
 0.916  0.009 0
 0.082  0.022 0
 0.316  0.030 0
 0.367  0.028 0
 0.413  0.038 0
 0.259  0.046 0
 0.664  0.055 0
 0.487  0.074 0
 0.211  0.083 0
 0.836  0.079 0
 0.035  0.089 0
 0.540  0.117 0
 0.013  0.140 0
 0.169  0.146 0
 0.574  0.163 0
 0.759  0.163 0
 0.756  0.167 0
 0.755  0.169 0
 0.749  0.180 0
 0.146  0.226 0
 0.000  0.254 0
 0.153  0.289 0
 0.653  0.296 0
 0.814  0.311 0
 0.016  0.329 0
 0.194  0.363 0
 0.196  0.365 0
 0.203  0.374 0
 0.844  0.409 0
 0.074  0.426 0
 0.710  0.441 0
 0.327  0.468 0
 0.162  0.502 0
 0.458  0.540 0
 0.254  0.557 0
 0.577  0.626 0
 0.384  0.631 0
 0.167  0.684 0
 0.483  0.700 0
 0.644  0.717 0
 0.147  0.734 0
 0.292  0.751 0
 0.288  0.763 0
 0.285  0.769 0
 0.519  0.769 0
 0.660  0.769 0
 0.138  0.820 0
 0.523  0.820 0
 0.278  0.826 0
 0.662  0.831 0
 0.287  0.861 0
 0.149  0.871 0
 0.504  0.876 0
 0.310  0.896 0
 0.487  0.898 0
 0.170  0.917 0
 0.637  0.917 0
 0.344  0.921 0
 0.447  0.925 0
 0.390  0.933 0
 0.609  0.957 0
 0.219  0.976 0
 0.556  1.004 0
 0.304  1.027 0
 0.510  1.027 0
 0.384  1.044 0
 0.436  1.044 0
numpoly 78
3 7 17 10
3 3 13 0
3 2 14 4
3 6 18 15
3 17 7 4
3 9 18 6
3 9 6 1
3 8 16 5
3 0 12 2
3 17 4 14
3 2 11 14
3 12 0 13
3 13 5 16
3 15 24 20
3 16 8 20
3 13 3 5
3 2 12 11
3 10 17 19
3 21 28 29
3 15 20 8
3 20 24 23
3 40 23 31
3 24 25 26
3 19 22 21
3 31 23 27
3 22 19 17
3 18 24 15
3 28 21 22
3 29 30 33
3 31 32 39
3 23 24 26
3 30 29 28
3 23 26 27
3 33 30 38
3 32 31 27
3 38 36 41
3 38 34 36
3 34 38 30
3 36 34 35
3 39 32 37
3 42 40 31
3 40 41 36
3 42 44 47
3 45 43 40
3 40 43 41
3 50 46 43
3 50 49 46
3 45 40 42
3 48 53 47
3 45 42 47
3 49 52 55
3 53 48 56
3 50 43 45
3 57 60 55
3 52 50 51
3 49 50 52
3 48 47 44
3 54 56 48
3 56 65 61
3 60 59 64
3 59 60 57
3 65 56 58
3 52 57 55
3 64 59 70
3 58 56 54
3 59 62 70
3 68 74 72
3 65 69 61
3 70 66 72
3 63 71 67
3 63 61 69
3 70 62 66
3 67 73 68
3 71 63 69
3 73 67 71
3 68 72 66
3 74 68 75
3 75 68 73
end
char '
width  0.154
numpts 10
 0.041  0.636 0
 0.036  0.639 0
 0.116  0.638 0
 0.120  0.643 0
 0.000  0.837 0
 0.154  0.837 0
 0.000  1.020 0
 0.154  1.020 0
 0.004  1.026 0
 0.150  1.026 0
numpoly 8
3 1 0 3
3 2 3 0
3 1 3 4
3 7 6 4
3 5 4 3
3 7 4 5
3 8 6 9
3 6 7 9
end
char (
width  0.360
numpts 19
 0.273 -0.395 0
 0.358 -0.394 0
 0.204 -0.308 0
 0.282 -0.249 0
 0.090 -0.094 0
 0.202 -0.054 0
 0.033  0.066 0
 0.146  0.203 0
 0.000  0.277 0
 0.140  0.380 0
 0.003  0.414 0
 0.157  0.534 0
 0.036  0.597 0
 0.202  0.711 0
 0.236  0.803 0
 0.125  0.820 0
 0.221  0.979 0
 0.360  1.043 0
 0.273  1.044 0
numpoly 17
3 2 3 4
3 0 3 2
3 3 0 1
3 6 4 5
3 3 5 4
3 6 7 8
3 7 6 5
3 9 10 8
3 9 8 7
3 10 11 12
3 10 9 11
3 12 13 15
3 12 11 13
3 14 15 13
3 16 15 14
3 17 18 16
3 17 16 14
end
char )
width  0.360
numpts 19
 0.002 -0.394 0
 0.093 -0.393 0
 0.168 -0.289 0
 0.078 -0.249 0
 0.249 -0.140 0
 0.158 -0.054 0
 0.317  0.031 0
 0.214  0.203 0
 0.357  0.237 0
 0.360  0.374 0
 0.220  0.380 0
 0.209  0.494 0
 0.324  0.597 0
 0.179  0.641 0
 0.235  0.820 0
 0.110  0.833 0
 0.139  0.979 0
 0.000  1.043 0
 0.087  1.044 0
numpoly 17
3 0 1 3
3 2 3 1
3 3 4 5
3 3 2 4
3 5 6 7
3 6 5 4
3 7 8 10
3 8 9 10
3 11 10 9
3 8 7 6
3 11 12 13
3 13 14 15
3 12 11 9
3 14 13 12
3 15 16 17
3 16 15 14
3 16 18 17
end
char *
width  0.494
numpts 34
 0.140  0.583 0
 0.145  0.582 0
 0.345  0.583 0
 0.351  0.582 0
 0.170  0.614 0
 0.064  0.637 0
 0.061  0.643 0
 0.435  0.643 0
 0.062  0.649 0
 0.243  0.733 0
 0.248  0.730 0
 0.175  0.780 0
 0.315  0.780 0
 0.163  0.786 0
 0.443  0.808 0
 0.001  0.826 0
 0.492  0.826 0
 0.000  0.831 0
 0.494  0.831 0
 0.197  0.862 0
 0.203  0.866 0
 0.288  0.862 0
 0.285  0.866 0
 0.155  0.883 0
 0.397  0.908 0
 0.031  0.925 0
 0.037  0.928 0
 0.454  0.928 0
 0.460  0.927 0
 0.301  1.020 0
 0.190  1.037 0
 0.194  1.043 0
 0.300  1.040 0
 0.294  1.044 0
numpoly 32
3 2 12 10
3 8 4 11
3 8 5 4
3 8 6 5
3 4 0 1
3 2 3 12
3 0 4 5
3 12 9 10
3 9 11 4
3 19 11 21
3 14 24 12
3 26 25 17
3 16 18 14
3 13 23 15
3 19 21 20
3 11 19 13
3 33 31 30
3 24 21 12
3 12 21 9
3 21 11 9
3 26 17 23
3 12 3 7
3 27 24 18
3 13 19 23
3 23 17 15
3 20 21 22
3 18 24 14
3 28 27 18
3 33 30 20
3 29 20 22
3 29 33 20
3 32 33 29
end
char +
width  0.728
numpts 20
 0.304  0.106 0
 0.425  0.106 0
 0.300  0.111 0
 0.429  0.111 0
 0.300  0.397 0
 0.429  0.397 0
 0.004  0.405 0
 0.296  0.403 0
 0.439  0.404 0
 0.727  0.409 0
 0.000  0.523 0
 0.728  0.523 0
 0.004  0.529 0
 0.299  0.534 0
 0.430  0.534 0
 0.724  0.529 0
 0.301  0.826 0
 0.428  0.826 0
 0.307  0.830 0
 0.421  0.830 0
numpoly 18
3 1 2 0
3 1 3 2
3 4 2 3
3 5 4 3
3 12 6 7
3 14 4 8
3 9 15 8
3 8 4 5
3 9 11 15
3 12 7 13
3 6 12 10
3 7 4 13
3 14 8 15
3 17 19 18
3 14 13 4
3 17 18 16
3 17 16 13
3 17 13 14
end
char ,
width  0.160
numpts 23
 0.030 -0.286 0
 0.035 -0.287 0
 0.064 -0.274 0
 0.092 -0.253 0
 0.000 -0.237 0
 0.113 -0.231 0
 0.030 -0.216 0
 0.126 -0.214 0
 0.048 -0.197 0
 0.140 -0.186 0
 0.065 -0.169 0
 0.150 -0.157 0
 0.073 -0.146 0
 0.160 -0.100 0
 0.083 -0.083 0
 0.082 -0.077 0
 0.012 -0.073 0
 0.075 -0.073 0
 0.007 -0.069 0
 0.006  0.077 0
 0.158  0.077 0
 0.012  0.081 0
 0.155  0.080 0
numpoly 21
3 0 6 4
3 0 1 2
3 0 2 6
3 3 6 2
3 8 5 10
3 5 7 10
3 6 5 8
3 5 6 3
3 10 7 12
3 9 12 7
3 12 13 14
3 11 12 9
3 12 11 13
3 18 17 19
3 17 21 19
3 15 14 13
3 15 13 17
3 21 17 22
3 17 20 22
3 18 16 17
3 20 17 13
end
char -
width  0.415
numpts 8
 0.000  0.260 0
 0.003  0.257 0
 0.409  0.256 0
 0.415  0.260 0
 0.000  0.386 0
 0.415  0.386 0
 0.003  0.389 0
 0.409  0.390 0
numpoly 6
3 6 1 2
3 6 0 1
3 6 2 7
3 6 4 0
3 7 2 3
3 5 7 3
end
char .
width  0.154
numpts 13
 0.007 -0.073 0
 0.144 -0.073 0
 0.150 -0.072 0
 0.000 -0.066 0
 0.002 -0.069 0
 0.154 -0.066 0
 0.000  0.071 0
 0.154  0.071 0
 0.001  0.077 0
 0.153  0.077 0
 0.007  0.081 0
 0.144  0.081 0
 0.150  0.080 0
numpoly 11
3 0 3 4
3 3 0 1
3 8 6 10
3 5 1 2
3 3 1 5
3 6 3 5
3 6 7 11
3 6 5 7
3 10 6 11
3 9 12 11
3 9 11 7
end
char /
width  0.418
numpts 5
 0.000 -0.089 0
 0.005 -0.093 0
 0.106 -0.089 0
 0.418  1.043 0
 0.319  1.044 0
numpoly 3
3 2 0 1
3 4 0 2
3 3 4 2
end
char 0
width  0.723
numpts 53
 0.333 -0.090 0
 0.390 -0.090 0
 0.464 -0.077 0
 0.230 -0.067 0
 0.527 -0.051 0
 0.139 -0.010 0
 0.602  0.010 0
 0.344  0.022 0
 0.413  0.029 0
 0.098  0.037 0
 0.453  0.046 0
 0.264  0.050 0
 0.221  0.089 0
 0.499  0.085 0
 0.062  0.100 0
 0.665  0.111 0
 0.195  0.123 0
 0.534  0.134 0
 0.033  0.180 0
 0.166  0.197 0
 0.558  0.203 0
 0.708  0.260 0
 0.014  0.266 0
 0.152  0.266 0
 0.574  0.289 0
 0.140  0.403 0
 0.723  0.403 0
 0.000  0.409 0
 0.583  0.540 0
 0.003  0.580 0
 0.720  0.586 0
 0.149  0.643 0
 0.018  0.694 0
 0.562  0.724 0
 0.695  0.740 0
 0.173  0.763 0
 0.541  0.791 0
 0.056  0.826 0
 0.655  0.849 0
 0.221  0.854 0
 0.500  0.854 0
 0.259  0.889 0
 0.459  0.890 0
 0.098  0.900 0
 0.306  0.911 0
 0.379  0.918 0
 0.603  0.929 0
 0.573  0.958 0
 0.179  0.980 0
 0.510  0.999 0
 0.259  1.017 0
 0.453  1.020 0
 0.333  1.030 0
numpoly 53
3 2 8 1
3 0 7 3
3 5 16 9
3 2 10 8
3 0 1 8
3 7 0 8
3 12 16 5
3 11 3 7
3 3 12 5
3 15 20 17
3 11 12 3
3 13 6 17
3 6 13 4
3 9 16 14
3 10 4 13
3 14 19 18
3 4 10 2
3 15 17 6
3 19 14 16
3 21 24 20
3 23 18 19
3 22 25 27
3 24 26 28
3 23 22 18
3 21 20 15
3 26 24 21
3 22 23 25
3 29 27 25
3 29 31 32
3 28 30 33
3 31 29 25
3 30 28 26
3 32 35 37
3 46 40 36
3 30 34 33
3 32 31 35
3 43 39 48
3 43 37 35
3 38 36 33
3 38 33 34
3 42 40 49
3 48 41 50
3 39 43 35
3 47 40 46
3 46 36 38
3 41 44 50
3 45 52 44
3 42 51 45
3 41 48 39
3 49 40 47
3 50 44 52
3 52 45 51
3 42 49 51
end
char 1
width  0.401
numpts 11
 0.275 -0.072 0
 0.401 -0.072 0
 0.001  0.629 0
 0.007  0.627 0
 0.075  0.656 0
 0.000  0.751 0
 0.269  0.777 0
 0.167  0.856 0
 0.256  0.940 0
 0.321  1.029 0
 0.401  1.029 0
numpoly 9
3 6 0 1
3 2 4 5
3 7 5 4
3 2 3 4
3 6 8 7
3 6 7 4
3 10 8 6
3 10 6 1
3 10 9 8
end
char 2
width  0.727
numpts 43
 0.001 -0.069 0
 0.727 -0.069 0
 0.000 -0.043 0
 0.011  0.009 0
 0.727  0.052 0
 0.194  0.060 0
 0.042  0.077 0
 0.275  0.159 0
 0.115  0.178 0
 0.195  0.258 0
 0.397  0.431 0
 0.595  0.445 0
 0.488  0.523 0
 0.666  0.534 0
 0.533  0.580 0
 0.710  0.626 0
 0.567  0.643 0
 0.164  0.700 0
 0.725  0.700 0
 0.585  0.711 0
 0.027  0.717 0
 0.585  0.746 0
 0.039  0.791 0
 0.184  0.798 0
 0.715  0.809 0
 0.567  0.812 0
 0.202  0.831 0
 0.056  0.843 0
 0.544  0.847 0
 0.237  0.871 0
 0.679  0.889 0
 0.492  0.891 0
 0.093  0.906 0
 0.304  0.908 0
 0.401  0.919 0
 0.641  0.936 0
 0.128  0.946 0
 0.190  0.988 0
 0.572  0.987 0
 0.258  1.015 0
 0.504  1.015 0
 0.350  1.030 0
 0.441  1.027 0
numpoly 41
3 3 2 0
3 3 5 6
3 1 5 0
3 5 3 0
3 1 4 5
3 6 5 8
3 7 8 5
3 9 8 7
3 9 7 10
3 11 10 7
3 10 11 12
3 12 11 14
3 16 15 18
3 16 18 19
3 13 14 11
3 14 13 16
3 21 24 25
3 15 16 13
3 21 19 18
3 23 27 22
3 17 23 22
3 24 21 18
3 27 23 32
3 17 22 20
3 31 42 34
3 30 28 25
3 26 32 23
3 40 31 38
3 35 28 30
3 36 32 26
3 29 36 26
3 34 41 33
3 33 37 29
3 36 29 37
3 33 39 37
3 30 25 24
3 28 38 31
3 38 28 35
3 39 33 41
3 31 40 42
3 41 34 42
end
char 3
width  0.720
numpts 68
 0.318 -0.090 0
 0.427 -0.084 0
 0.244 -0.078 0
 0.164 -0.045 0
 0.535 -0.048 0
 0.101  0.001 0
 0.610  0.004 0
 0.335  0.022 0
 0.392  0.024 0
 0.439  0.037 0
 0.067  0.040 0
 0.261  0.041 0
 0.221  0.068 0
 0.501  0.076 0
 0.675  0.083 0
 0.027  0.108 0
 0.180  0.117 0
 0.538  0.117 0
 0.703  0.146 0
 0.571  0.191 0
 0.000  0.209 0
 0.720  0.226 0
 0.135  0.232 0
 0.577  0.271 0
 0.720  0.277 0
 0.547  0.364 0
 0.692  0.386 0
 0.518  0.401 0
 0.661  0.433 0
 0.467  0.439 0
 0.272  0.453 0
 0.278  0.450 0
 0.341  0.462 0
 0.392  0.461 0
 0.627  0.467 0
 0.519  0.523 0
 0.283  0.557 0
 0.290  0.564 0
 0.581  0.565 0
 0.375  0.571 0
 0.621  0.609 0
 0.467  0.616 0
 0.496  0.649 0
 0.645  0.654 0
 0.519  0.706 0
 0.662  0.723 0
 0.147  0.723 0
 0.014  0.746 0
 0.522  0.763 0
 0.514  0.803 0
 0.655  0.809 0
 0.181  0.821 0
 0.484  0.858 0
 0.638  0.856 0
 0.055  0.871 0
 0.227  0.878 0
 0.438  0.896 0
 0.278  0.907 0
 0.086  0.917 0
 0.398  0.913 0
 0.324  0.918 0
 0.596  0.923 0
 0.152  0.978 0
 0.524  0.982 0
 0.238  1.017 0
 0.450  1.015 0
 0.312  1.030 0
 0.392  1.027 0
numpoly 66
3 3 11 5
3 9 8 1
3 1 8 0
3 4 9 1
3 9 4 13
3 7 0 8
3 6 13 4
3 17 13 6
3 2 11 3
3 2 0 7
3 5 16 10
3 12 5 11
3 10 16 15
3 11 2 7
3 16 5 12
3 17 14 19
3 14 17 6
3 20 15 22
3 19 18 23
3 22 15 16
3 14 18 19
3 21 23 18
3 23 26 25
3 23 21 24
3 26 28 25
3 30 32 36
3 25 34 27
3 35 32 33
3 35 29 27
3 25 28 34
3 29 35 33
3 26 23 24
3 37 36 32
3 39 32 35
3 35 27 34
3 37 32 39
3 30 31 32
3 39 35 41
3 38 41 35
3 38 42 41
3 40 42 38
3 42 40 44
3 40 43 44
3 44 43 48
3 45 48 43
3 47 46 54
3 49 48 50
3 50 48 45
3 49 53 52
3 63 52 61
3 53 49 50
3 46 51 54
3 58 54 51
3 58 55 62
3 62 55 64
3 66 57 60
3 61 52 53
3 55 58 51
3 59 67 60
3 52 63 56
3 56 65 59
3 55 57 64
3 64 57 66
3 65 56 63
3 67 66 60
3 67 59 65
end
char 4
width  0.761
numpts 18
 0.487 -0.073 0
 0.481 -0.069 0
 0.612 -0.069 0
 0.615  0.186 0
 0.004  0.191 0
 0.475  0.189 0
 0.761  0.194 0
 0.000  0.311 0
 0.758  0.311 0
 0.138  0.317 0
 0.478  0.317 0
 0.618  0.314 0
 0.007  0.322 0
 0.007  0.323 0
 0.475  0.794 0
 0.613  1.020 0
 0.510  1.023 0
 0.607  1.024 0
numpoly 18
3 2 1 0
3 1 3 5
3 1 2 3
3 3 10 5
3 9 4 5
3 4 9 7
3 6 11 3
3 8 11 6
3 7 9 13
3 15 16 14
3 9 5 10
3 7 13 12
3 13 14 16
3 11 10 3
3 14 13 9
3 14 10 11
3 15 17 16
3 15 14 11
end
char 5
width  0.729
numpts 54
 0.322 -0.090 0
 0.413 -0.087 0
 0.242 -0.077 0
 0.527 -0.052 0
 0.150 -0.038 0
 0.585 -0.014 0
 0.099  0.002 0
 0.333  0.022 0
 0.424  0.032 0
 0.637  0.037 0
 0.264  0.039 0
 0.459  0.046 0
 0.059  0.049 0
 0.219  0.068 0
 0.510  0.084 0
 0.676  0.094 0
 0.029  0.100 0
 0.184  0.106 0
 0.541  0.123 0
 0.153  0.169 0
 0.569  0.180 0
 0.713  0.180 0
 0.000  0.209 0
 0.139  0.224 0
 0.583  0.237 0
 0.729  0.271 0
 0.586  0.317 0
 0.728  0.334 0
 0.573  0.384 0
 0.713  0.420 0
 0.144  0.430 0
 0.552  0.431 0
 0.027  0.449 0
 0.516  0.479 0
 0.196  0.484 0
 0.476  0.508 0
 0.665  0.517 0
 0.264  0.524 0
 0.327  0.538 0
 0.373  0.538 0
 0.384  0.536 0
 0.396  0.536 0
 0.619  0.570 0
 0.181  0.597 0
 0.573  0.605 0
 0.282  0.642 0
 0.493  0.643 0
 0.361  0.658 0
 0.413  0.658 0
 0.235  0.877 0
 0.242  0.884 0
 0.676  0.889 0
 0.676  1.009 0
 0.133  1.012 0
numpoly 52
3 7 1 8
3 7 0 1
3 7 2 0
3 2 10 4
3 6 13 12
3 3 8 1
3 3 11 8
3 10 2 7
3 4 13 6
3 11 3 14
3 19 16 12
3 3 5 14
3 9 14 5
3 10 13 4
3 22 19 23
3 18 15 20
3 17 12 13
3 15 14 9
3 14 15 18
3 19 12 17
3 25 26 24
3 20 21 24
3 21 20 15
3 22 16 19
3 25 24 21
3 26 25 27
3 29 28 26
3 29 26 27
3 43 37 45
3 36 31 29
3 34 32 30
3 31 36 33
3 31 28 29
3 32 34 43
3 48 47 41
3 45 38 47
3 42 33 36
3 41 39 40
3 38 39 47
3 37 38 45
3 47 39 41
3 44 33 42
3 43 34 37
3 46 33 44
3 35 46 41
3 33 46 35
3 46 48 41
3 32 43 53
3 43 49 53
3 49 50 53
3 53 50 52
3 50 51 52
end
char 6
width  0.728
numpts 70
 0.355 -0.090 0
 0.470 -0.080 0
 0.235 -0.062 0
 0.555 -0.046 0
 0.150 -0.010 0
 0.613 -0.004 0
 0.395  0.022 0
 0.315  0.031 0
 0.653  0.043 0
 0.475  0.046 0
 0.264  0.056 0
 0.075  0.077 0
 0.218  0.096 0
 0.532  0.096 0
 0.695  0.117 0
 0.189  0.140 0
 0.713  0.169 0
 0.574  0.174 0
 0.029  0.186 0
 0.166  0.197 0
 0.588  0.249 0
 0.728  0.254 0
 0.154  0.260 0
 0.588  0.306 0
 0.005  0.311 0
 0.154  0.311 0
 0.728  0.317 0
 0.168  0.374 0
 0.575  0.374 0
 0.555  0.418 0
 0.193  0.426 0
 0.699  0.443 0
 0.521  0.464 0
 0.235  0.473 0
 0.000  0.506 0
 0.138  0.505 0
 0.281  0.502 0
 0.470  0.501 0
 0.663  0.506 0
 0.355  0.521 0
 0.413  0.519 0
 0.605  0.569 0
 0.224  0.588 0
 0.544  0.609 0
 0.142  0.631 0
 0.310  0.628 0
 0.481  0.633 0
 0.378  0.641 0
 0.017  0.660 0
 0.578  0.747 0
 0.176  0.757 0
 0.711  0.763 0
 0.058  0.803 0
 0.220  0.831 0
 0.532  0.852 0
 0.252  0.867 0
 0.675  0.877 0
 0.102  0.883 0
 0.481  0.895 0
 0.304  0.901 0
 0.315  0.905 0
 0.321  0.908 0
 0.407  0.919 0
 0.640  0.929 0
 0.155  0.944 0
 0.207  0.982 0
 0.561  0.992 0
 0.293  1.017 0
 0.487  1.020 0
 0.367  1.030 0
numpoly 70
3 2 10 4
3 6 1 9
3 3 5 13
3 0 7 2
3 3 9 1
3 1 6 0
3 9 3 13
3 7 0 6
3 10 2 7
3 20 26 23
3 4 12 11
3 13 8 17
3 4 10 12
3 11 19 18
3 17 21 20
3 15 11 12
3 11 15 19
3 16 17 14
3 18 22 24
3 8 14 17
3 8 13 5
3 24 35 34
3 22 18 19
3 20 21 26
3 28 23 26
3 21 17 16
3 24 27 35
3 24 22 25
3 28 31 29
3 31 28 26
3 24 25 27
3 32 41 37
3 30 35 27
3 34 44 48
3 35 33 42
3 43 37 41
3 46 39 40
3 32 29 38
3 38 29 31
3 33 35 30
3 33 36 42
3 42 36 45
3 45 39 47
3 36 39 45
3 37 46 40
3 41 32 38
3 46 37 43
3 47 39 46
3 44 34 35
3 48 50 52
3 48 44 50
3 49 56 54
3 57 53 64
3 57 52 50
3 54 66 58
3 51 56 49
3 62 69 61
3 53 57 50
3 61 59 60
3 59 65 55
3 65 64 55
3 58 68 62
3 55 64 53
3 66 54 63
3 63 54 56
3 65 59 67
3 69 62 68
3 67 59 61
3 69 67 61
3 68 58 66
end
char 7
width  0.710
numpts 17
 0.157 -0.072 0
 0.289 -0.072 0
 0.153 -0.066 0
 0.159  0.020 0
 0.316  0.111 0
 0.190  0.186 0
 0.384  0.351 0
 0.260  0.414 0
 0.454  0.519 0
 0.319  0.551 0
 0.420  0.729 0
 0.595  0.763 0
 0.529  0.883 0
 0.003  0.885 0
 0.710  0.911 0
 0.000  1.009 0
 0.709  1.009 0
numpoly 15
3 3 0 1
3 2 0 3
3 3 4 5
3 4 3 1
3 6 7 5
3 6 5 4
3 9 7 6
3 10 9 8
3 8 9 6
3 10 11 12
3 11 10 8
3 15 13 12
3 12 14 16
3 15 12 16
3 11 14 12
end
char 8
width  0.723
numpts 83
 0.327 -0.090 0
 0.424 -0.087 0
 0.247 -0.076 0
 0.533 -0.056 0
 0.184 -0.053 0
 0.139 -0.026 0
 0.590 -0.022 0
 0.082  0.024 0
 0.384  0.022 0
 0.304  0.028 0
 0.648  0.031 0
 0.465  0.043 0
 0.247  0.051 0
 0.510  0.073 0
 0.207  0.079 0
 0.036  0.090 0
 0.695  0.106 0
 0.172  0.123 0
 0.562  0.140 0
 0.011  0.157 0
 0.154  0.163 0
 0.717  0.174 0
 0.583  0.220 0
 0.140  0.226 0
 0.000  0.271 0
 0.723  0.271 0
 0.580  0.283 0
 0.143  0.289 0
 0.567  0.329 0
 0.710  0.334 0
 0.013  0.341 0
 0.171  0.363 0
 0.529  0.391 0
 0.686  0.391 0
 0.039  0.403 0
 0.215  0.414 0
 0.487  0.427 0
 0.069  0.443 0
 0.653  0.438 0
 0.259  0.444 0
 0.299  0.457 0
 0.430  0.455 0
 0.379  0.464 0
 0.601  0.483 0
 0.127  0.490 0
 0.200  0.523 0
 0.523  0.523 0
 0.116  0.576 0
 0.344  0.576 0
 0.419  0.583 0
 0.617  0.586 0
 0.293  0.587 0
 0.459  0.601 0
 0.081  0.614 0
 0.242  0.616 0
 0.500  0.637 0
 0.653  0.637 0
 0.053  0.671 0
 0.522  0.671 0
 0.194  0.683 0
 0.670  0.683 0
 0.537  0.729 0
 0.183  0.734 0
 0.677  0.769 0
 0.043  0.774 0
 0.530  0.797 0
 0.191  0.803 0
 0.668  0.820 0
 0.512  0.837 0
 0.068  0.866 0
 0.236  0.873 0
 0.641  0.883 0
 0.459  0.892 0
 0.276  0.901 0
 0.413  0.912 0
 0.339  0.918 0
 0.114  0.934 0
 0.602  0.936 0
 0.179  0.986 0
 0.516  0.998 0
 0.230  1.010 0
 0.327  1.030 0
 0.413  1.027 0
numpoly 85
3 0 9 2
3 12 4 2
3 1 8 0
3 6 11 3
3 5 14 7
3 9 0 8
3 8 1 11
3 4 12 5
3 13 11 6
3 1 3 11
3 12 2 9
3 5 12 14
3 13 10 18
3 7 17 15
3 10 13 6
3 15 20 19
3 7 14 17
3 18 16 22
3 16 18 10
3 20 15 17
3 19 23 24
3 16 21 22
3 22 25 26
3 23 19 20
3 24 27 30
3 25 22 21
3 27 24 23
3 31 34 30
3 31 37 34
3 29 28 26
3 31 30 27
3 29 26 25
3 33 28 29
3 28 33 32
3 36 32 43
3 37 31 44
3 40 45 39
3 44 39 45
3 43 32 38
3 35 44 31
3 42 48 40
3 44 35 39
3 41 46 42
3 36 46 41
3 32 33 38
3 48 42 49
3 46 36 43
3 48 45 40
3 42 46 49
3 51 45 48
3 49 46 52
3 47 54 53
3 52 46 55
3 53 59 57
3 45 54 47
3 45 51 54
3 50 55 46
3 59 53 54
3 50 58 55
3 58 50 61
3 57 62 64
3 61 63 65
3 56 61 50
3 57 59 62
3 60 61 56
3 64 66 69
3 63 67 65
3 64 62 66
3 63 61 60
3 71 68 65
3 76 69 66
3 72 68 77
3 71 65 67
3 76 70 78
3 70 76 66
3 74 82 75
3 80 78 70
3 79 72 77
3 74 72 79
3 80 73 75
3 80 75 81
3 68 71 77
3 73 80 70
3 82 81 75
3 82 74 79
end
char 9
width  0.723
numpts 72
 0.298 -0.090 0
 0.355 -0.090 0
 0.224 -0.077 0
 0.441 -0.074 0
 0.155 -0.048 0
 0.538 -0.026 0
 0.083  0.014 0
 0.310  0.022 0
 0.367  0.024 0
 0.596  0.026 0
 0.270  0.029 0
 0.224  0.050 0
 0.435  0.049 0
 0.045  0.077 0
 0.188  0.083 0
 0.648  0.100 0
 0.504  0.111 0
 0.166  0.123 0
 0.017  0.174 0
 0.144  0.189 0
 0.546  0.197 0
 0.689  0.203 0
 0.550  0.207 0
 0.552  0.214 0
 0.705  0.271 0
 0.298  0.302 0
 0.224  0.316 0
 0.413  0.315 0
 0.172  0.338 0
 0.498  0.358 0
 0.582  0.374 0
 0.115  0.378 0
 0.378  0.422 0
 0.298  0.429 0
 0.430  0.432 0
 0.578  0.436 0
 0.723  0.437 0
 0.058  0.444 0
 0.247  0.451 0
 0.481  0.458 0
 0.211  0.477 0
 0.033  0.489 0
 0.540  0.523 0
 0.159  0.551 0
 0.011  0.557 0
 0.722  0.563 0
 0.561  0.570 0
 0.140  0.631 0
 0.574  0.637 0
 0.000  0.694 0
 0.574  0.694 0
 0.708  0.700 0
 0.150  0.741 0
 0.561  0.764 0
 0.013  0.774 0
 0.178  0.809 0
 0.669  0.826 0
 0.203  0.843 0
 0.521  0.841 0
 0.041  0.849 0
 0.487  0.875 0
 0.635  0.882 0
 0.270  0.896 0
 0.081  0.910 0
 0.430  0.908 0
 0.344  0.919 0
 0.127  0.955 0
 0.555  0.963 0
 0.192  0.997 0
 0.481  1.004 0
 0.292  1.027 0
 0.373  1.030 0
numpoly 72
3 3 8 1
3 2 11 4
3 0 7 2
3 8 3 12
3 4 14 6
3 0 1 8
3 6 17 13
3 10 2 7
3 7 0 8
3 5 12 3
3 12 5 16
3 2 10 11
3 4 11 14
3 5 9 16
3 18 13 19
3 16 15 20
3 15 23 20
3 6 14 17
3 13 17 19
3 21 23 15
3 22 20 23
3 23 24 30
3 16 9 15
3 23 21 24
3 25 32 26
3 27 32 25
3 38 28 26
3 43 41 37
3 34 29 39
3 33 26 32
3 29 34 27
3 30 36 35
3 34 32 27
3 36 30 24
3 28 38 31
3 31 38 37
3 35 39 29
3 38 26 33
3 39 35 42
3 42 35 36
3 40 37 38
3 44 41 43
3 42 36 46
3 44 47 49
3 43 37 40
3 48 46 45
3 36 45 46
3 51 50 48
3 52 54 49
3 47 44 43
3 50 51 53
3 51 48 45
3 59 54 52
3 59 55 63
3 52 49 47
3 53 61 58
3 56 53 51
3 55 59 52
3 53 56 61
3 66 63 57
3 55 57 63
3 62 68 57
3 58 67 60
3 67 58 61
3 68 66 57
3 60 69 64
3 68 62 70
3 60 67 69
3 64 71 65
3 65 70 62
3 70 65 71
3 64 69 71
end
char :
width  0.154
numpts 14
 0.007 -0.073 0
 0.150 -0.072 0
 0.002 -0.069 0
 0.154 -0.066 0
 0.001  0.077 0
 0.007  0.081 0
 0.150  0.080 0
 0.001  0.574 0
 0.007  0.570 0
 0.153  0.574 0
 0.000  0.717 0
 0.154  0.717 0
 0.004  0.723 0
 0.150  0.723 0
numpoly 10
3 2 5 4
3 2 0 5
3 0 3 5
3 6 5 3
3 0 1 3
3 7 8 10
3 10 11 13
3 9 10 8
3 12 10 13
3 11 10 9
end
char ;
width  0.160
numpts 18
 0.035 -0.287 0
 0.093 -0.253 0
 0.000 -0.237 0
 0.122 -0.220 0
 0.051 -0.191 0
 0.064 -0.169 0
 0.150 -0.157 0
 0.160 -0.100 0
 0.081 -0.077 0
 0.012 -0.073 0
 0.075 -0.073 0
 0.007 -0.069 0
 0.006  0.077 0
 0.158  0.077 0
 0.006  0.574 0
 0.158  0.574 0
 0.009  0.723 0
 0.155  0.723 0
numpoly 14
3 2 1 4
3 5 4 3
3 0 1 2
3 5 6 8
3 3 4 1
3 6 5 3
3 6 7 8
3 11 10 12
3 12 10 13
3 8 7 10
3 11 9 10
3 13 10 7
3 17 16 15
3 15 16 14
end
char <
width  0.725
numpts 11
 0.721  0.099 0
 0.725  0.106 0
 0.725  0.226 0
 0.002  0.409 0
 0.162  0.466 0
 0.162  0.471 0
 0.000  0.529 0
 0.005  0.534 0
 0.724  0.706 0
 0.725  0.831 0
 0.721  0.835 0
numpoly 9
3 4 0 2
3 5 7 6
3 4 3 0
3 0 1 2
3 7 8 10
3 4 5 3
3 5 6 3
3 8 9 10
3 7 5 8
end
char =
width  0.728
numpts 12
 0.004  0.240 0
 0.724  0.240 0
 0.000  0.357 0
 0.728  0.357 0
 0.004  0.363 0
 0.724  0.363 0
 0.004  0.574 0
 0.724  0.574 0
 0.000  0.580 0
 0.728  0.580 0
 0.004  0.697 0
 0.724  0.697 0
numpoly 8
3 0 4 2
3 0 1 5
3 4 0 5
3 3 5 1
3 11 7 9
3 10 6 7
3 10 7 11
3 8 6 10
end
char >
width  0.725
numpts 11
 0.007  0.099 0
 0.001  0.102 0
 0.000  0.226 0
 0.004  0.231 0
 0.724  0.409 0
 0.563  0.466 0
 0.563  0.471 0
 0.725  0.529 0
 0.002  0.706 0
 0.001  0.833 0
 0.007  0.836 0
numpoly 9
3 1 0 2
3 3 2 0
3 3 0 5
3 4 7 5
3 4 5 0
3 6 5 7
3 6 10 8
3 8 10 9
3 10 6 7
end
char ?
width  0.708
numpts 45
 0.264 -0.072 0
 0.410 -0.071 0
 0.261  0.077 0
 0.413  0.077 0
 0.290  0.197 0
 0.410  0.197 0
 0.285  0.203 0
 0.285  0.277 0
 0.427  0.317 0
 0.298  0.346 0
 0.447  0.363 0
 0.326  0.414 0
 0.498  0.424 0
 0.368  0.471 0
 0.618  0.536 0
 0.659  0.586 0
 0.522  0.620 0
 0.694  0.654 0
 0.550  0.660 0
 0.565  0.700 0
 0.706  0.700 0
 0.138  0.713 0
 0.000  0.734 0
 0.568  0.751 0
 0.708  0.769 0
 0.016  0.809 0
 0.555  0.804 0
 0.172  0.821 0
 0.527  0.852 0
 0.041  0.871 0
 0.681  0.867 0
 0.226  0.889 0
 0.658  0.906 0
 0.464  0.906 0
 0.275  0.918 0
 0.418  0.925 0
 0.083  0.934 0
 0.338  0.933 0
 0.601  0.967 0
 0.144  0.988 0
 0.555  0.998 0
 0.235  1.029 0
 0.487  1.027 0
 0.321  1.044 0
 0.390  1.044 0
numpoly 41
3 2 1 3
3 2 0 1
3 7 6 4
3 7 4 5
3 8 9 7
3 11 10 13
3 8 7 5
3 8 10 11
3 9 8 11
3 13 12 16
3 12 13 10
3 14 16 12
3 14 15 16
3 16 15 18
3 17 18 15
3 17 23 19
3 17 19 18
3 20 23 17
3 29 27 36
3 26 32 28
3 21 25 22
3 26 23 24
3 27 29 25
3 24 23 20
3 36 31 39
3 28 40 33
3 30 26 24
3 35 44 37
3 31 36 27
3 27 25 21
3 31 34 41
3 42 33 40
3 28 38 40
3 39 31 41
3 38 28 32
3 26 30 32
3 42 35 33
3 41 34 43
3 43 37 44
3 34 37 43
3 44 35 42
end
char @
width  1.408
numpts 114
 0.701 -0.396 0
 0.941 -0.381 0
 0.524 -0.372 0
 0.427 -0.346 0
 1.107 -0.331 0
 0.319 -0.299 0
 0.639 -0.279 0
 0.839 -0.281 0
 1.232 -0.260 0
 0.513 -0.254 0
 0.987 -0.254 0
 0.210 -0.224 0
 0.398 -0.212 0
 1.097 -0.209 0
 1.331 -0.174 0
 0.313 -0.161 0
 0.301 -0.153 0
 0.307 -0.157 0
 0.113 -0.117 0
 1.227 -0.116 0
 0.239 -0.093 0
 0.576 -0.073 0
 0.981 -0.073 0
 0.873 -0.069 0
 0.490 -0.063 0
 1.273 -0.062 0
 1.408 -0.060 0
 0.072 -0.049 0
 1.073 -0.045 0
 0.684 -0.036 0
 0.809 -0.026 0
 0.404 -0.016 0
 0.181 -0.009 0
 0.370  0.019 0
 1.187  0.033 0
 0.604  0.039 0
 0.553  0.043 0
 0.787  0.044 0
 0.976  0.051 0
 0.946  0.066 0
 1.027  0.061 0
 0.684  0.068 0
 0.496  0.076 0
 0.323  0.094 0
 0.931  0.094 0
 0.020  0.100 0
 0.133  0.111 0
 0.736  0.107 0
 0.461  0.117 0
 1.114  0.117 0
 1.291  0.157 0
 0.437  0.174 0
 1.189  0.203 0
 0.811  0.209 0
 0.429  0.231 0
 0.000  0.237 0
 0.288  0.237 0
 0.111  0.249 0
 1.229  0.277 0
 0.847  0.311 0
 1.360  0.311 0
 0.435  0.329 0
 1.259  0.369 0
 0.308  0.397 0
 0.008  0.403 0
 0.120  0.409 0
 1.380  0.426 0
 0.860  0.443 0
 0.491  0.489 0
 0.028  0.494 0
 1.269  0.494 0
 0.348  0.500 0
 1.377  0.529 0
 0.833  0.541 0
 0.534  0.551 0
 0.162  0.557 0
 1.252  0.586 0
 0.787  0.595 0
 0.593  0.603 0
 1.362  0.609 0
 0.904  0.614 0
 0.433  0.624 0
 0.639  0.623 0
 0.741  0.622 0
 0.701  0.630 0
 0.204  0.643 0
 1.221  0.667 0
 0.099  0.677 0
 0.836  0.683 0
 0.524  0.696 0
 0.930  0.716 0
 1.058  0.717 0
 0.781  0.718 0
 0.604  0.731 0
 0.696  0.742 0
 1.302  0.751 0
 0.288  0.757 0
 0.152  0.763 0
 1.159  0.761 0
 0.371  0.826 0
 1.084  0.828 0
 1.231  0.849 0
 0.250  0.873 0
 0.507  0.897 0
 0.959  0.896 0
 0.861  0.924 0
 1.147  0.924 0
 0.696  0.936 0
 0.358  0.952 0
 1.084  0.964 0
 0.490  1.009 0
 0.959  1.015 0
 0.696  1.044 0
 0.787  1.044 0
numpoly 114
3 0 6 2
3 1 7 0
3 6 0 7
3 7 1 10
3 2 9 3
3 3 12 5
3 9 2 6
3 10 4 13
3 4 10 1
3 15 5 12
3 5 15 11
3 13 8 19
3 12 3 9
3 8 13 4
3 11 20 18
3 11 15 16
3 17 16 15
3 14 19 8
3 26 25 14
3 20 11 16
3 22 38 23
3 25 19 14
3 23 39 30
3 30 39 37
3 27 46 45
3 18 32 27
3 32 18 20
3 21 36 24
3 35 29 41
3 24 42 31
3 29 35 21
3 22 28 40
3 38 22 40
3 34 49 40
3 33 31 48
3 36 21 35
3 37 47 41
3 33 48 43
3 43 51 56
3 44 37 39
3 34 40 28
3 47 37 53
3 50 52 34
3 38 39 23
3 52 49 34
3 37 44 53
3 27 32 46
3 42 24 36
3 48 31 42
3 37 41 29
3 45 57 55
3 53 44 59
3 51 54 56
3 52 50 58
3 58 60 62
3 43 48 51
3 45 46 57
3 56 61 63
3 64 55 57
3 91 80 44
3 60 58 50
3 62 66 70
3 56 54 61
3 44 80 67
3 59 44 67
3 71 63 61
3 64 65 69
3 67 80 73
3 65 64 57
3 66 62 60
3 68 71 61
3 71 68 81
3 69 75 87
3 72 70 66
3 74 81 68
3 77 73 80
3 70 79 76
3 75 69 65
3 83 77 88
3 87 85 97
3 81 74 89
3 89 78 93
3 86 76 79
3 70 72 79
3 74 78 89
3 88 77 80
3 75 85 87
3 82 84 94
3 91 90 80
3 86 95 98
3 78 82 93
3 92 83 88
3 93 82 94
3 84 83 92
3 94 84 92
3 97 96 102
3 95 86 79
3 102 99 108
3 95 101 98
3 96 97 85
3 96 99 102
3 98 101 100
3 103 108 99
3 100 109 104
3 106 100 101
3 108 103 110
3 105 113 107
3 100 106 109
3 104 111 105
3 107 112 110
3 111 104 109
3 113 105 111
3 112 107 113
3 107 110 103
end
char A
width  1.011
numpts 13
 0.000 -0.071 0
 0.855 -0.073 0
 1.011 -0.071 0
 0.147 -0.071 0
 0.265  0.254 0
 0.724  0.258 0
 0.313  0.377 0
 0.680  0.380 0
 0.310  0.386 0
 0.441  0.734 0
 0.490  0.901 0
 0.415  1.025 0
 0.570  1.026 0
numpoly 13
3 5 1 2
3 0 8 11
3 6 4 5
3 12 10 7
3 0 3 4
3 0 4 8
3 6 5 7
3 6 8 4
3 7 5 2
3 8 9 11
3 9 10 11
3 12 7 2
3 11 10 12
end
char B
width  0.824
numpts 48
 0.000 -0.072 0
 0.526 -0.067 0
 0.611 -0.049 0
 0.680 -0.020 0
 0.750  0.037 0
 0.142  0.060 0
 0.474  0.056 0
 0.549  0.069 0
 0.785  0.089 0
 0.618  0.106 0
 0.807  0.140 0
 0.654  0.151 0
 0.824  0.220 0
 0.676  0.226 0
 0.675  0.266 0
 0.815  0.323 0
 0.651  0.341 0
 0.789  0.386 0
 0.611  0.387 0
 0.537  0.423 0
 0.142  0.431 0
 0.756  0.431 0
 0.440  0.436 0
 0.714  0.467 0
 0.625  0.511 0
 0.149  0.564 0
 0.463  0.567 0
 0.141  0.574 0
 0.712  0.586 0
 0.549  0.589 0
 0.590  0.620 0
 0.739  0.626 0
 0.612  0.654 0
 0.767  0.706 0
 0.627  0.711 0
 0.769  0.769 0
 0.617  0.792 0
 0.760  0.820 0
 0.583  0.850 0
 0.520  0.885 0
 0.729  0.889 0
 0.142  0.894 0
 0.457  0.896 0
 0.674  0.953 0
 0.600  0.998 0
 0.543  1.015 0
 0.000  1.026 0
 0.451  1.027 0
numpoly 50
3 1 6 0
3 2 7 1
3 0 20 46
3 7 2 9
3 1 7 6
3 20 27 46
3 9 4 11
3 4 9 3
3 2 3 9
3 11 10 13
3 8 11 4
3 10 11 8
3 12 13 10
3 14 17 16
3 14 15 17
3 16 21 18
3 14 13 12
3 15 14 12
3 23 18 21
3 5 0 6
3 19 26 22
3 18 24 19
3 16 17 21
3 24 18 23
3 26 19 29
3 19 24 29
3 25 22 26
3 22 25 20
3 30 29 24
3 32 28 31
3 28 32 30
3 32 31 34
3 0 5 20
3 34 35 36
3 33 34 31
3 28 30 24
3 36 40 38
3 38 44 39
3 35 37 36
3 34 33 35
3 25 27 20
3 27 41 46
3 40 36 37
3 43 38 40
3 39 45 42
3 42 47 41
3 38 43 44
3 45 39 44
3 47 46 41
3 47 42 45
end
char C
width  0.967
numpts 56
 0.473 -0.090 0
 0.581 -0.087 0
 0.381 -0.078 0
 0.290 -0.051 0
 0.713 -0.052 0
 0.239 -0.025 0
 0.781 -0.015 0
 0.177  0.020 0
 0.478  0.036 0
 0.530  0.036 0
 0.404  0.049 0
 0.604  0.049 0
 0.861  0.056 0
 0.353  0.068 0
 0.661  0.072 0
 0.107  0.101 0
 0.713  0.108 0
 0.273  0.119 0
 0.919  0.140 0
 0.237  0.157 0
 0.071  0.163 0
 0.778  0.186 0
 0.196  0.226 0
 0.967  0.277 0
 0.025  0.289 0
 0.827  0.311 0
 0.164  0.329 0
 0.009  0.363 0
 0.149  0.443 0
 0.000  0.529 0
 0.151  0.557 0
 0.008  0.609 0
 0.810  0.695 0
 0.188  0.711 0
 0.948  0.729 0
 0.044  0.741 0
 0.223  0.780 0
 0.921  0.809 0
 0.753  0.809 0
 0.261  0.827 0
 0.099  0.843 0
 0.718  0.850 0
 0.313  0.868 0
 0.673  0.883 0
 0.857  0.906 0
 0.421  0.913 0
 0.427  0.913 0
 0.439  0.916 0
 0.164  0.919 0
 0.570  0.918 0
 0.787  0.969 0
 0.284  0.998 0
 0.713  1.011 0
 0.364  1.027 0
 0.484  1.047 0
 0.581  1.044 0
numpoly 54
3 1 9 0
3 0 8 2
3 14 6 16
3 4 14 11
3 24 20 22
3 7 17 15
3 2 10 3
3 8 10 2
3 9 1 11
3 0 9 8
3 4 11 1
3 3 13 5
3 12 16 6
3 10 13 3
3 5 13 7
3 7 13 17
3 22 20 15
3 16 12 21
3 14 4 6
3 19 15 17
3 23 25 18
3 22 15 19
3 25 21 18
3 18 21 12
3 27 28 29
3 27 24 26
3 26 24 22
3 28 27 26
3 29 30 31
3 30 29 28
3 33 35 31
3 35 33 40
3 33 31 30
3 34 37 32
3 48 42 51
3 36 40 33
3 40 36 48
3 38 44 41
3 44 38 37
3 32 37 38
3 48 39 42
3 36 39 48
3 54 53 47
3 45 51 42
3 49 43 52
3 50 41 44
3 47 45 46
3 41 50 43
3 45 53 51
3 49 54 47
3 53 45 47
3 49 55 54
3 55 49 52
3 52 43 50
end
char D
width  0.904
numpts 34
 0.000 -0.072 0
 0.440 -0.073 0
 0.537 -0.061 0
 0.634 -0.034 0
 0.733  0.026 0
 0.142  0.060 0
 0.463  0.059 0
 0.773  0.066 0
 0.533  0.071 0
 0.617  0.109 0
 0.819  0.129 0
 0.658  0.146 0
 0.704  0.214 0
 0.877  0.266 0
 0.732  0.289 0
 0.901  0.397 0
 0.755  0.437 0
 0.904  0.529 0
 0.755  0.534 0
 0.890  0.643 0
 0.737  0.658 0
 0.714  0.724 0
 0.849  0.774 0
 0.680  0.781 0
 0.611  0.849 0
 0.803  0.854 0
 0.554  0.879 0
 0.142  0.894 0
 0.429  0.898 0
 0.714  0.946 0
 0.646  0.987 0
 0.549  1.016 0
 0.000  1.026 0
 0.440  1.027 0
numpoly 34
3 2 6 1
3 5 0 1
3 8 3 9
3 3 8 2
3 0 27 32
3 6 2 8
3 5 1 6
3 4 7 11
3 4 9 3
3 9 4 11
3 11 10 12
3 11 7 10
3 13 14 12
3 14 15 16
3 13 12 10
3 16 17 18
3 14 13 15
3 18 19 20
3 17 16 15
3 18 17 19
3 22 21 20
3 21 22 23
3 29 24 23
3 22 20 19
3 26 24 30
3 0 5 27
3 25 23 22
3 29 23 25
3 30 24 29
3 26 31 28
3 31 26 30
3 33 32 27
3 28 33 27
3 33 28 31
end
char E
width  0.811
numpts 15
 0.000 -0.072 0
 0.811 -0.069 0
 0.811  0.052 0
 0.142  0.060 0
 0.142  0.426 0
 0.743  0.431 0
 0.747  0.551 0
 0.149  0.559 0
 0.743  0.558 0
 0.141  0.569 0
 0.142  0.894 0
 0.783  0.900 0
 0.787  1.020 0
 0.000  1.026 0
 0.783  1.026 0
numpoly 13
3 0 4 13
3 1 3 0
3 1 2 3
3 0 3 4
3 7 5 8
3 5 7 4
3 6 8 5
3 4 9 13
3 7 9 4
3 9 10 13
3 11 14 10
3 14 13 10
3 12 14 11
end
char F
width  0.737
numpts 12
 0.000 -0.072 0
 0.137 -0.072 0
 0.141  0.420 0
 0.149  0.427 0
 0.658  0.431 0
 0.658  0.551 0
 0.149  0.556 0
 0.141  0.563 0
 0.142  0.894 0
 0.737  0.903 0
 0.737  1.023 0
 0.000  1.026 0
numpoly 10
3 0 2 11
3 2 7 11
3 2 0 1
3 6 4 5
3 4 6 3
3 3 6 2
3 7 2 6
3 7 8 11
3 11 8 10
3 8 9 10
end
char G
width  1.010
numpts 60
 0.598 -0.090 0
 0.433 -0.079 0
 0.707 -0.073 0
 0.341 -0.054 0
 0.827 -0.034 0
 0.256 -0.015 0
 0.896  0.001 0
 0.518  0.039 0
 0.610  0.042 0
 0.164  0.050 0
 0.427  0.055 0
 0.701  0.063 0
 1.008  0.077 0
 0.124  0.093 0
 0.318  0.102 0
 0.810  0.112 0
 0.278  0.130 0
 0.868  0.157 0
 0.220  0.197 0
 0.050  0.216 0
 0.018  0.311 0
 0.169  0.311 0
 0.553  0.362 0
 0.867  0.358 0
 0.003  0.397 0
 0.152  0.403 0
 0.549  0.483 0
 0.553  0.489 0
 1.010  0.489 0
 0.000  0.511 0
 0.148  0.517 0
 0.009  0.591 0
 0.173  0.654 0
 0.867  0.686 0
 0.861  0.691 0
 0.196  0.717 0
 0.995  0.723 0
 0.049  0.734 0
 0.838  0.753 0
 0.082  0.803 0
 0.252  0.803 0
 0.798  0.821 0
 0.961  0.826 0
 0.318  0.862 0
 0.124  0.866 0
 0.718  0.884 0
 0.924  0.888 0
 0.387  0.896 0
 0.638  0.912 0
 0.177  0.923 0
 0.484  0.919 0
 0.576  0.921 0
 0.873  0.944 0
 0.233  0.964 0
 0.313  1.005 0
 0.776  1.004 0
 0.713  1.026 0
 0.404  1.033 0
 0.513  1.047 0
 0.621  1.044 0
numpoly 58
3 0 7 1
3 14 5 3
3 5 14 9
3 2 8 0
3 1 10 3
3 0 8 7
3 8 2 11
3 18 13 9
3 17 6 12
3 10 1 7
3 4 11 2
3 13 18 19
3 23 17 12
3 15 6 17
3 4 6 15
3 16 9 14
3 11 4 15
3 14 3 10
3 19 21 20
3 18 9 16
3 30 31 29
3 23 27 22
3 25 24 20
3 22 27 26
3 21 19 18
3 25 20 21
3 23 28 27
3 28 23 12
3 29 24 25
3 30 29 25
3 31 32 37
3 38 33 36
3 37 32 39
3 32 31 30
3 35 39 32
3 34 33 38
3 39 40 44
3 38 46 41
3 38 42 46
3 40 39 35
3 44 40 49
3 53 43 54
3 43 49 40
3 42 38 36
3 43 47 54
3 52 41 46
3 41 52 45
3 43 53 49
3 54 47 57
3 50 57 47
3 45 56 48
3 55 45 52
3 48 59 51
3 57 50 58
3 50 51 58
3 56 45 55
3 58 51 59
3 59 48 56
end
char H
width  0.857
numpts 16
 0.000 -0.072 0
 0.137 -0.072 0
 0.720 -0.073 0
 0.714 -0.069 0
 0.857 -0.069 0
 0.141  0.437 0
 0.149  0.444 0
 0.709  0.443 0
 0.149  0.573 0
 0.709  0.574 0
 0.141  0.580 0
 0.717  1.026 0
 0.857  1.023 0
 0.000  1.026 0
 0.137  1.026 0
 0.852  1.027 0
numpoly 14
3 4 9 7
3 0 5 13
3 5 10 13
3 5 0 1
3 8 7 9
3 9 4 11
3 10 5 8
3 6 8 5
3 4 3 2
3 7 8 6
3 14 13 10
3 12 15 11
3 3 4 7
3 4 12 11
end
char I
width  0.143
numpts 4
 0.140 -0.071 0
 0.000 -0.069 0
 0.003  1.026 0
 0.143  1.023 0
numpoly 2
3 1 3 2
3 3 1 0
end
char J
width  0.605
numpts 27
 0.266 -0.090 0
 0.323 -0.090 0
 0.192 -0.078 0
 0.399 -0.077 0
 0.146 -0.061 0
 0.455 -0.056 0
 0.080 -0.014 0
 0.529 -0.001 0
 0.277  0.039 0
 0.352  0.047 0
 0.564  0.049 0
 0.232  0.049 0
 0.392  0.066 0
 0.026  0.068 0
 0.185  0.077 0
 0.160  0.111 0
 0.587  0.111 0
 0.438  0.117 0
 0.002  0.163 0
 0.139  0.174 0
 0.459  0.226 0
 0.605  0.231 0
 0.000  0.237 0
 0.129  0.254 0
 0.463  1.026 0
 0.603  1.023 0
 0.597  1.027 0
numpoly 25
3 10 12 7
3 4 2 11
3 0 1 8
3 3 8 1
3 11 2 8
3 0 8 2
3 8 3 9
3 9 3 12
3 4 14 6
3 7 12 5
3 3 5 12
3 6 15 13
3 12 10 17
3 14 4 11
3 13 19 18
3 6 14 15
3 22 19 23
3 17 16 20
3 13 15 19
3 16 17 10
3 22 18 19
3 21 20 16
3 20 21 24
3 25 26 24
3 21 25 24
end
char K
width  0.898
numpts 17
 0.000 -0.072 0
 0.137 -0.072 0
 0.898 -0.071 0
 0.714 -0.071 0
 0.638  0.289 0
 0.634  0.294 0
 0.634  0.294 0
 0.141  0.300 0
 0.320  0.479 0
 0.143  0.491 0
 0.432  0.569 0
 0.429  0.574 0
 0.428  0.574 0
 0.875  1.026 0
 0.000  1.026 0
 0.137  1.026 0
 0.691  1.027 0
numpoly 15
3 0 9 14
3 0 7 9
3 3 10 8
3 3 6 10
3 9 8 16
3 4 5 6
3 7 0 1
3 3 4 6
3 16 8 12
3 10 11 12
3 4 3 2
3 8 10 12
3 9 7 8
3 13 16 12
3 15 14 9
end
char L
width  0.684
numpts 7
 0.000 -0.072 0
 0.680 -0.072 0
 0.684  0.049 0
 0.142  0.060 0
 0.680  0.055 0
 0.000  1.026 0
 0.137  1.026 0
numpoly 5
3 3 0 1
3 0 3 5
3 2 4 1
3 3 1 4
3 6 5 3
end
char M
width  1.046
numpts 19
 0.135 -0.071 0
 0.457 -0.072 0
 0.914 -0.073 0
 0.000 -0.069 0
 0.583 -0.069 0
 0.909 -0.069 0
 1.046 -0.069 0
 0.526  0.098 0
 0.531  0.098 0
 0.903  0.830 0
 0.143  0.845 0
 0.264  0.883 0
 0.263  0.887 0
 0.260  0.894 0
 0.219  1.020 0
 0.003  1.026 0
 0.857  1.023 0
 1.046  1.023 0
 0.211  1.027 0
numpoly 17
3 3 10 15
3 5 6 9
3 6 5 2
3 1 11 10
3 4 8 1
3 1 7 11
3 9 16 8
3 1 8 7
3 9 8 4
3 10 18 15
3 13 11 12
3 10 3 0
3 10 13 18
3 16 9 17
3 10 11 13
3 13 14 18
3 6 17 9
end
char N
width  0.863
numpts 14
 0.000 -0.072 0
 0.131 -0.072 0
 0.720 -0.073 0
 0.863 -0.069 0
 0.720  0.172 0
 0.458  0.311 0
 0.454  0.317 0
 0.457  0.312 0
 0.137  0.781 0
 0.728  1.026 0
 0.863  1.023 0
 0.000  1.026 0
 0.143  1.026 0
 0.857  1.027 0
numpoly 12
3 0 8 11
3 8 0 1
3 4 3 9
3 3 4 2
3 4 5 2
3 6 7 5
3 12 6 4
3 4 6 5
3 6 12 8
3 10 13 9
3 8 12 11
3 3 10 9
end
char O
width  1.054
numpts 63
 0.490 -0.090 0
 0.564 -0.090 0
 0.398 -0.076 0
 0.684 -0.068 0
 0.758 -0.041 0
 0.278 -0.032 0
 0.844  0.009 0
 0.210  0.011 0
 0.496  0.036 0
 0.558  0.036 0
 0.421  0.049 0
 0.633  0.049 0
 0.914  0.071 0
 0.138  0.077 0
 0.714  0.083 0
 0.336  0.085 0
 0.278  0.127 0
 0.962  0.134 0
 0.800  0.151 0
 0.073  0.170 0
 0.227  0.186 0
 0.999  0.203 0
 0.195  0.237 0
 0.868  0.260 0
 1.033  0.300 0
 0.018  0.311 0
 0.894  0.346 0
 0.155  0.369 0
 0.000  0.431 0
 0.906  0.437 0
 1.054  0.437 0
 0.149  0.511 0
 0.906  0.517 0
 0.003  0.546 0
 0.157  0.591 0
 1.042  0.614 0
 0.887  0.637 0
 0.019  0.649 0
 1.024  0.689 0
 0.858  0.717 0
 0.198  0.730 0
 0.053  0.751 0
 0.992  0.769 0
 0.243  0.797 0
 0.810  0.793 0
 0.776  0.830 0
 0.101  0.837 0
 0.948  0.843 0
 0.319  0.862 0
 0.707  0.878 0
 0.143  0.889 0
 0.421  0.908 0
 0.639  0.906 0
 0.890  0.910 0
 0.501  0.921 0
 0.581  0.919 0
 0.222  0.957 0
 0.827  0.960 0
 0.307  1.005 0
 0.747  1.003 0
 0.684  1.026 0
 0.421  1.039 0
 0.564  1.047 0
numpoly 63
3 0 8 2
3 1 9 0
3 8 10 2
3 2 10 5
3 9 1 11
3 5 16 7
3 11 3 14
3 3 11 1
3 3 4 14
3 6 14 4
3 7 16 13
3 10 15 5
3 0 9 8
3 16 5 15
3 14 6 18
3 13 20 19
3 12 18 6
3 18 17 23
3 17 21 23
3 20 22 19
3 18 12 17
3 23 21 26
3 25 19 22
3 13 16 20
3 25 27 28
3 27 25 22
3 21 24 26
3 30 29 26
3 32 35 36
3 30 26 24
3 33 34 37
3 32 29 30
3 28 31 33
3 31 28 27
3 34 33 31
3 36 38 39
3 35 32 30
3 41 37 34
3 38 42 39
3 41 40 46
3 35 38 36
3 39 47 44
3 40 43 46
3 53 45 44
3 46 43 50
3 45 57 49
3 40 41 34
3 56 50 43
3 49 59 52
3 48 56 43
3 57 45 53
3 53 44 47
3 56 48 58
3 39 42 47
3 58 51 61
3 59 49 57
3 51 58 48
3 55 52 60
3 62 54 55
3 59 60 52
3 61 54 62
3 54 61 51
3 62 55 60
end
char P
width  0.836
numpts 31
 0.000 -0.072 0
 0.137 -0.072 0
 0.141  0.369 0
 0.149  0.376 0
 0.474  0.376 0
 0.623  0.400 0
 0.721  0.449 0
 0.149  0.504 0
 0.463  0.504 0
 0.141  0.511 0
 0.778  0.511 0
 0.567  0.523 0
 0.623  0.553 0
 0.654  0.586 0
 0.820  0.597 0
 0.677  0.631 0
 0.836  0.683 0
 0.687  0.729 0
 0.671  0.791 0
 0.822  0.809 0
 0.646  0.833 0
 0.606  0.869 0
 0.796  0.871 0
 0.142  0.894 0
 0.560  0.889 0
 0.486  0.898 0
 0.762  0.923 0
 0.697  0.976 0
 0.629  1.005 0
 0.000  1.026 0
 0.480  1.027 0
numpoly 31
3 0 9 29
3 0 2 9
3 2 7 9
3 7 3 8
3 12 11 5
3 5 11 4
3 4 8 3
3 3 7 2
3 2 0 1
3 11 8 4
3 13 12 6
3 10 13 6
3 6 12 5
3 14 15 10
3 15 14 17
3 13 10 15
3 16 17 14
3 17 19 18
3 19 17 16
3 18 19 20
3 20 27 21
3 22 20 19
3 9 23 29
3 30 25 24
3 25 30 23
3 27 20 26
3 20 22 26
3 28 24 21
3 28 21 27
3 30 29 23
3 30 24 28
end
char Q
width  1.069
numpts 66
 1.027 -0.154 0
 0.930 -0.112 0
 0.559 -0.090 0
 0.439 -0.084 0
 0.633 -0.080 0
 0.376 -0.070 0
 1.069 -0.060 0
 0.724 -0.055 0
 0.262 -0.023 0
 0.793 -0.023 0
 0.182  0.033 0
 0.553  0.036 0
 0.473  0.039 0
 0.629  0.049 0
 0.891  0.049 0
 0.410  0.052 0
 0.669  0.066 0
 0.347  0.078 0
 0.593  0.108 0
 0.284  0.121 0
 0.102  0.123 0
 0.534  0.129 0
 0.776  0.132 0
 0.967  0.146 0
 0.222  0.192 0
 0.662  0.199 0
 0.056  0.205 0
 0.847  0.220 0
 0.570  0.231 0
 0.186  0.260 0
 1.025  0.277 0
 0.027  0.283 0
 0.881  0.306 0
 0.157  0.363 0
 0.003  0.403 0
 0.149  0.437 0
 1.052  0.437 0
 0.903  0.443 0
 0.000  0.517 0
 1.046  0.580 0
 0.157  0.597 0
 0.891  0.609 0
 0.028  0.677 0
 0.182  0.689 0
 1.005  0.734 0
 0.844  0.738 0
 0.222  0.769 0
 0.081  0.803 0
 0.799  0.804 0
 0.965  0.814 0
 0.753  0.847 0
 0.307  0.855 0
 0.138  0.883 0
 0.913  0.884 0
 0.370  0.891 0
 0.679  0.891 0
 0.439  0.913 0
 0.559  0.921 0
 0.222  0.958 0
 0.827  0.959 0
 0.296  0.999 0
 0.759  0.998 0
 0.393  1.033 0
 0.662  1.032 0
 0.490  1.047 0
 0.564  1.047 0
numpoly 66
3 0 6 1
3 13 7 16
3 14 9 1
3 9 16 7
3 3 15 5
3 16 9 14
3 11 4 13
3 11 2 4
3 7 13 4
3 12 3 11
3 2 11 3
3 15 3 12
3 5 17 8
3 8 19 10
3 10 19 20
3 14 1 6
3 5 15 17
3 20 29 26
3 19 8 17
3 21 18 28
3 22 16 14
3 16 25 18
3 22 14 27
3 24 20 19
3 16 22 25
3 26 29 31
3 18 25 28
3 14 23 27
3 27 30 32
3 30 27 23
3 31 33 34
3 20 24 29
3 37 32 30
3 33 31 29
3 34 33 38
3 36 37 30
3 35 38 33
3 37 39 41
3 38 40 42
3 37 36 39
3 41 44 45
3 40 38 35
3 42 43 47
3 44 41 39
3 46 47 43
3 43 42 40
3 47 46 52
3 45 49 48
3 59 50 48
3 52 51 58
3 53 48 49
3 61 50 59
3 50 61 55
3 58 51 60
3 51 52 46
3 49 45 44
3 59 48 53
3 57 64 56
3 60 54 62
3 55 63 57
3 51 54 60
3 54 56 62
3 62 56 64
3 63 55 61
3 63 65 57
3 57 65 64
end
char R
width  0.957
numpts 46
 0.000 -0.072 0
 0.137 -0.072 0
 0.783 -0.072 0
 0.955 -0.071 0
 0.957 -0.066 0
 0.906  0.014 0
 0.903  0.019 0
 0.902  0.020 0
 0.577  0.243 0
 0.737  0.277 0
 0.497  0.347 0
 0.650  0.374 0
 0.463  0.377 0
 0.141  0.409 0
 0.411  0.404 0
 0.149  0.416 0
 0.354  0.415 0
 0.574  0.426 0
 0.657  0.447 0
 0.726  0.475 0
 0.807  0.540 0
 0.149  0.544 0
 0.141  0.551 0
 0.531  0.548 0
 0.611  0.565 0
 0.848  0.603 0
 0.674  0.604 0
 0.699  0.637 0
 0.870  0.677 0
 0.721  0.694 0
 0.724  0.746 0
 0.873  0.751 0
 0.703  0.815 0
 0.860  0.820 0
 0.663  0.861 0
 0.836  0.877 0
 0.623  0.885 0
 0.141  0.900 0
 0.149  0.907 0
 0.520  0.907 0
 0.802  0.929 0
 0.749  0.976 0
 0.703  0.999 0
 0.606  1.021 0
 0.000  1.026 0
 0.537  1.027 0
numpoly 46
3 2 9 8
3 3 5 2
3 0 37 44
3 5 7 2
3 5 6 7
3 3 4 5
3 2 7 9
3 18 23 17
3 11 8 9
3 8 11 10
3 0 22 37
3 11 17 10
3 21 16 23
3 21 15 16
3 23 10 17
3 19 24 18
3 23 18 24
3 23 12 10
3 15 21 13
3 0 21 22
3 16 14 23
3 23 14 12
3 20 26 19
3 26 20 27
3 24 19 26
3 27 25 29
3 28 30 29
3 31 30 28
3 25 27 20
3 30 33 32
3 28 29 25
3 33 30 31
3 32 40 34
3 35 32 33
3 0 1 13
3 0 13 21
3 41 34 40
3 43 36 42
3 38 39 45
3 32 35 40
3 42 34 41
3 34 42 36
3 36 43 39
3 44 38 45
3 43 45 39
3 37 38 44
end
char S
width  0.867
numpts 69
 0.500 -0.090 0
 0.323 -0.079 0
 0.609 -0.071 0
 0.249 -0.060 0
 0.174 -0.026 0
 0.729 -0.017 0
 0.123  0.010 0
 0.426  0.039 0
 0.517  0.042 0
 0.792  0.039 0
 0.346  0.052 0
 0.071  0.066 0
 0.294  0.069 0
 0.622  0.071 0
 0.827  0.089 0
 0.667  0.100 0
 0.220  0.113 0
 0.031  0.134 0
 0.712  0.157 0
 0.858  0.163 0
 0.174  0.169 0
 0.727  0.214 0
 0.149  0.226 0
 0.001  0.237 0
 0.867  0.266 0
 0.000  0.277 0
 0.719  0.277 0
 0.134  0.289 0
 0.696  0.317 0
 0.854  0.329 0
 0.626  0.369 0
 0.831  0.380 0
 0.552  0.397 0
 0.769  0.452 0
 0.317  0.457 0
 0.214  0.493 0
 0.712  0.491 0
 0.157  0.525 0
 0.614  0.531 0
 0.096  0.580 0
 0.317  0.609 0
 0.220  0.656 0
 0.048  0.671 0
 0.185  0.711 0
 0.694  0.711 0
 0.039  0.723 0
 0.832  0.723 0
 0.179  0.769 0
 0.189  0.809 0
 0.817  0.814 0
 0.049  0.820 0
 0.660  0.815 0
 0.237  0.870 0
 0.609  0.873 0
 0.075  0.883 0
 0.774  0.900 0
 0.294  0.900 0
 0.552  0.902 0
 0.363  0.916 0
 0.460  0.919 0
 0.740  0.940 0
 0.140  0.961 0
 0.677  0.988 0
 0.186  0.992 0
 0.620  1.015 0
 0.289  1.032 0
 0.534  1.038 0
 0.357  1.044 0
 0.460  1.047 0
numpoly 67
3 2 8 0
3 0 7 1
3 6 4 16
3 6 16 11
3 0 8 7
3 7 10 1
3 8 2 13
3 5 15 13
3 1 10 3
3 10 12 3
3 9 15 5
3 4 3 12
3 15 14 18
3 5 13 2
3 14 15 9
3 16 4 12
3 21 24 26
3 18 19 21
3 11 20 17
3 20 11 16
3 17 22 23
3 19 18 14
3 22 17 20
3 25 23 27
3 23 22 27
3 24 21 19
3 26 31 28
3 28 33 30
3 24 29 26
3 30 38 32
3 26 29 31
3 34 32 38
3 33 28 31
3 34 40 35
3 33 36 30
3 39 43 42
3 38 30 36
3 41 37 35
3 40 34 38
3 37 41 39
3 41 35 40
3 50 48 54
3 39 41 43
3 44 46 49
3 45 42 43
3 45 47 50
3 48 50 47
3 60 51 55
3 47 45 43
3 51 60 53
3 54 48 61
3 44 49 51
3 55 51 49
3 48 52 61
3 56 63 52
3 57 66 59
3 61 52 63
3 63 56 65
3 62 53 60
3 53 64 57
3 53 62 64
3 59 66 58
3 65 58 67
3 58 65 56
3 66 57 64
3 67 58 68
3 68 58 66
end
char T
width  0.869
numpts 8
 0.366 -0.072 0
 0.503 -0.072 0
 0.360  0.894 0
 0.508  0.894 0
 0.000  0.903 0
 0.869  0.903 0
 0.003  1.026 0
 0.869  1.023 0
numpoly 6
3 0 3 2
3 3 0 1
3 6 4 2
3 6 3 7
3 6 2 3
3 3 5 7
end
char U
width  0.862
numpts 32
 0.393 -0.090 0
 0.507 -0.087 0
 0.267 -0.070 0
 0.593 -0.071 0
 0.210 -0.051 0
 0.678 -0.036 0
 0.118  0.007 0
 0.758  0.024 0
 0.393  0.044 0
 0.524  0.053 0
 0.072  0.060 0
 0.318  0.057 0
 0.576  0.068 0
 0.256  0.085 0
 0.806  0.089 0
 0.633  0.102 0
 0.204  0.130 0
 0.835  0.157 0
 0.027  0.159 0
 0.685  0.174 0
 0.167  0.197 0
 0.009  0.243 0
 0.708  0.260 0
 0.862  0.334 0
 0.000  0.340 0
 0.146  0.340 0
 0.717  0.346 0
 0.721  1.026 0
 0.861  1.023 0
 0.004  1.026 0
 0.141  1.026 0
 0.856  1.027 0
numpoly 30
3 3 9 1
3 10 20 18
3 8 0 1
3 0 11 2
3 7 15 5
3 0 8 11
3 8 1 9
3 9 3 12
3 13 4 2
3 5 12 3
3 15 7 19
3 16 10 6
3 12 5 15
3 4 13 6
3 13 2 11
3 21 18 20
3 13 16 6
3 19 17 22
3 17 19 14
3 7 14 19
3 10 16 20
3 25 24 21
3 23 26 22
3 23 22 17
3 25 21 20
3 24 25 29
3 30 29 25
3 28 31 27
3 26 23 27
3 23 28 27
end
char V
width  0.994
numpts 8
 0.423 -0.070 0
 0.571 -0.069 0
 0.491  0.061 0
 0.497  0.061 0
 0.000  1.026 0
 0.148  1.025 0
 0.851  1.025 0
 0.994  1.026 0
numpoly 6
3 0 2 4
3 3 2 0
3 3 7 6
3 1 3 0
3 3 1 7
3 2 5 4
end
char W
width  1.402
numpts 14
 0.285 -0.072 0
 0.434 -0.070 0
 0.965 -0.069 0
 1.108 -0.069 0
 0.360  0.097 0
 1.034  0.098 0
 0.971  0.380 0
 0.703  0.881 0
 0.000  1.026 0
 0.617  1.024 0
 1.263  1.024 0
 1.402  1.026 0
 0.143  1.026 0
 0.788  1.026 0
numpoly 12
3 2 6 7
3 6 2 5
3 1 4 0
3 7 9 4
3 11 10 5
3 3 5 2
3 8 0 4
3 13 7 6
3 9 7 13
3 7 4 1
3 11 5 3
3 12 8 4
end
char X
width  0.989
numpts 14
 0.000 -0.071 0
 0.989 -0.071 0
 0.168 -0.071 0
 0.820 -0.071 0
 0.500  0.378 0
 0.594  0.494 0
 0.413  0.500 0
 0.591  0.499 0
 0.590  0.500 0
 0.505  0.617 0
 0.048  1.026 0
 0.808  1.026 0
 0.961  1.026 0
 0.214  1.026 0
numpoly 12
3 0 2 6
3 3 5 4
3 5 6 4
3 5 8 6
3 5 3 1
3 5 7 8
3 4 6 2
3 9 6 8
3 12 11 8
3 6 13 10
3 13 6 9
3 11 9 8
end
char Y
width  0.992
numpts 12
 0.559 -0.071 0
 0.419 -0.069 0
 0.416  0.391 0
 0.565  0.397 0
 0.499  0.514 0
 0.279  0.854 0
 0.276  0.859 0
 0.275  0.860 0
 0.000  1.026 0
 0.167  1.025 0
 0.830  1.025 0
 0.992  1.026 0
numpoly 10
3 3 2 1
3 3 1 0
3 4 2 3
3 2 9 8
3 11 10 4
3 5 2 4
3 5 6 7
3 2 7 9
3 2 5 7
3 11 4 3
end
char Z
width  0.866
numpts 11
 0.004 -0.072 0
 0.866 -0.069 0
 0.866  0.052 0
 0.000  0.060 0
 0.172  0.060 0
 0.674  0.894 0
 0.066  0.900 0
 0.850  0.900 0
 0.062  1.020 0
 0.849  1.023 0
 0.066  1.026 0
numpoly 9
3 0 4 3
3 1 4 0
3 1 2 4
3 3 4 5
3 5 7 9
3 4 7 5
3 5 10 6
3 10 5 9
3 6 10 8
end
char [
width  0.296
numpts 8
 0.000 -0.374 0
 0.295 -0.374 0
 0.295 -0.271 0
 0.137 -0.266 0
 0.137  0.915 0
 0.296  0.923 0
 0.003  1.026 0
 0.292  1.026 0
numpoly 6
3 0 4 6
3 3 1 2
3 1 3 0
3 0 3 4
3 5 7 4
3 6 4 7
end
char \
width  0.417
numpts 5
 0.316 -0.092 0
 0.413 -0.093 0
 0.417 -0.089 0
 0.000  1.043 0
 0.099  1.044 0
numpoly 3
3 0 4 3
3 0 2 4
3 0 1 2
end
char ]
width  0.296
numpts 9
 0.001 -0.374 0
 0.296 -0.374 0
 0.001 -0.271 0
 0.156 -0.267 0
 0.163 -0.260 0
 0.162  0.912 0
 0.002  0.920 0
 0.000  1.020 0
 0.293  1.026 0
numpoly 7
3 2 0 3
3 1 3 0
3 1 4 3
3 5 4 1
3 7 6 8
3 5 8 6
3 8 5 1
end
char ^
width  0.633
numpts 11
 0.000  0.449 0
 0.005  0.445 0
 0.136  0.447 0
 0.502  0.447 0
 0.628  0.444 0
 0.633  0.449 0
 0.314  0.882 0
 0.319  0.882 0
 0.262  1.041 0
 0.371  1.042 0
 0.268  1.044 0
numpoly 9
3 0 2 6
3 0 6 8
3 7 3 5
3 4 5 3
3 2 0 1
3 10 7 9
3 10 8 6
3 10 6 7
3 9 7 5
end
char _
width  0.892
numpts 4
 0.000 -0.374 0
 0.892 -0.374 0
 0.000 -0.289 0
 0.892 -0.289 0
numpoly 2
3 2 1 3
3 2 0 1
end
char `
width  0.274
numpts 11
 0.176  0.824 0
 0.267  0.824 0
 0.271  0.826 0
 0.164  0.830 0
 0.170  0.826 0
 0.274  0.831 0
 0.000  1.026 0
 0.175  1.026 0
 0.001  1.031 0
 0.170  1.031 0
 0.164  1.033 0
numpoly 9
3 5 1 2
3 0 3 4
3 3 10 6
3 0 1 5
3 7 3 0
3 8 6 10
3 7 0 5
3 3 7 10
3 10 7 9
end
char a
width  0.733
numpts 70
 0.244 -0.090 0
 0.307 -0.090 0
 0.170 -0.078 0
 0.375 -0.079 0
 0.731 -0.071 0
 0.598 -0.071 0
 0.733 -0.066 0
 0.432 -0.062 0
 0.112 -0.055 0
 0.078 -0.033 0
 0.484 -0.036 0
 0.711 -0.009 0
 0.284  0.016 0
 0.335  0.016 0
 0.231  0.026 0
 0.570  0.021 0
 0.025  0.031 0
 0.422  0.037 0
 0.702  0.037 0
 0.175  0.060 0
 0.010  0.066 0
 0.484  0.073 0
 0.149  0.100 0
 0.518  0.108 0
 0.000  0.117 0
 0.697  0.134 0
 0.143  0.157 0
 0.549  0.169 0
 0.007  0.197 0
 0.164  0.209 0
 0.560  0.220 0
 0.204  0.244 0
 0.032  0.254 0
 0.250  0.260 0
 0.467  0.299 0
 0.084  0.313 0
 0.562  0.317 0
 0.558  0.324 0
 0.141  0.347 0
 0.192  0.365 0
 0.490  0.413 0
 0.562  0.437 0
 0.157  0.483 0
 0.025  0.500 0
 0.032  0.495 0
 0.696  0.506 0
 0.560  0.511 0
 0.032  0.535 0
 0.182  0.546 0
 0.547  0.553 0
 0.691  0.563 0
 0.518  0.589 0
 0.221  0.593 0
 0.226  0.597 0
 0.062  0.603 0
 0.227  0.598 0
 0.455  0.620 0
 0.284  0.622 0
 0.669  0.626 0
 0.335  0.629 0
 0.398  0.629 0
 0.086  0.637 0
 0.650  0.655 0
 0.141  0.684 0
 0.610  0.690 0
 0.183  0.706 0
 0.530  0.725 0
 0.261  0.730 0
 0.347  0.742 0
 0.427  0.742 0
numpoly 70
3 3 13 1
3 5 4 15
3 4 11 15
3 19 8 2
3 13 3 7
3 13 0 1
3 14 0 12
3 20 22 24
3 0 14 2
3 12 0 13
3 13 7 17
3 11 4 6
3 19 2 14
3 17 10 21
3 7 10 17
3 11 18 15
3 16 22 20
3 8 19 9
3 15 23 21
3 15 21 10
3 23 25 27
3 9 19 16
3 19 22 16
3 23 15 25
3 24 26 28
3 27 25 30
3 25 15 18
3 30 25 36
3 32 28 26
3 26 24 22
3 29 32 26
3 39 38 31
3 38 35 29
3 32 29 35
3 31 38 29
3 39 34 40
3 33 39 31
3 39 33 34
3 36 41 37
3 40 37 41
3 37 40 34
3 41 36 25
3 41 45 46
3 43 44 47
3 47 48 54
3 48 47 44
3 50 49 46
3 41 25 45
3 50 46 45
3 42 48 44
3 49 64 51
3 52 53 55
3 52 65 63
3 65 52 55
3 52 61 48
3 52 63 61
3 58 49 50
3 49 58 62
3 69 60 56
3 49 62 64
3 54 48 61
3 57 67 65
3 57 65 55
3 51 66 56
3 69 59 60
3 66 51 64
3 68 67 57
3 59 69 57
3 69 68 57
3 69 56 66
end
char b
width  0.693
numpts 49
 0.372 -0.090 0
 0.263 -0.078 0
 0.120 -0.072 0
 0.000 -0.069 0
 0.480 -0.062 0
 0.217 -0.059 0
 0.532 -0.032 0
 0.126  0.018 0
 0.354  0.022 0
 0.596  0.026 0
 0.280  0.028 0
 0.429  0.046 0
 0.229  0.052 0
 0.187  0.089 0
 0.490  0.100 0
 0.648  0.106 0
 0.152  0.140 0
 0.517  0.140 0
 0.675  0.180 0
 0.135  0.191 0
 0.547  0.237 0
 0.122  0.289 0
 0.693  0.294 0
 0.552  0.369 0
 0.693  0.374 0
 0.124  0.380 0
 0.533  0.477 0
 0.152  0.500 0
 0.669  0.500 0
 0.185  0.551 0
 0.492  0.555 0
 0.647  0.557 0
 0.219  0.586 0
 0.434  0.605 0
 0.269  0.616 0
 0.394  0.623 0
 0.326  0.630 0
 0.137  0.641 0
 0.594  0.638 0
 0.133  0.649 0
 0.566  0.667 0
 0.503  0.708 0
 0.229  0.714 0
 0.446  0.729 0
 0.326  0.741 0
 0.377  0.742 0
 0.003  1.026 0
 0.132  1.023 0
 0.126  1.027 0
numpoly 49
3 3 25 46
3 5 1 10
3 5 12 7
3 8 0 4
3 11 6 14
3 11 4 6
3 0 8 1
3 2 7 3
3 8 4 11
3 10 1 8
3 21 3 19
3 12 13 7
3 12 5 10
3 14 9 17
3 9 14 6
3 17 15 20
3 16 7 13
3 15 18 20
3 15 17 9
3 3 7 19
3 22 20 18
3 20 22 23
3 28 26 23
3 22 24 23
3 25 3 21
3 30 43 33
3 39 46 25
3 28 23 24
3 27 39 25
3 26 31 30
3 7 16 19
3 31 26 28
3 37 32 42
3 39 27 37
3 40 30 38
3 29 37 27
3 38 30 31
3 35 33 43
3 32 34 42
3 35 45 36
3 37 29 32
3 42 34 36
3 45 35 43
3 43 30 41
3 41 30 40
3 36 45 44
3 42 36 44
3 47 48 46
3 39 47 46
end
char c
width  0.690
numpts 58
 0.327 -0.090 0
 0.390 -0.090 0
 0.253 -0.077 0
 0.476 -0.073 0
 0.521 -0.053 0
 0.173 -0.043 0
 0.133 -0.015 0
 0.584 -0.010 0
 0.378  0.022 0
 0.087  0.030 0
 0.292  0.031 0
 0.424  0.030 0
 0.627  0.037 0
 0.253  0.049 0
 0.488  0.066 0
 0.058  0.071 0
 0.653  0.079 0
 0.200  0.094 0
 0.523  0.106 0
 0.172  0.140 0
 0.540  0.140 0
 0.025  0.146 0
 0.167  0.151 0
 0.165  0.157 0
 0.681  0.153 0
 0.690  0.197 0
 0.561  0.215 0
 0.006  0.226 0
 0.143  0.254 0
 0.000  0.363 0
 0.140  0.369 0
 0.012  0.454 0
 0.158  0.471 0
 0.550  0.473 0
 0.676  0.489 0
 0.679  0.494 0
 0.179  0.523 0
 0.034  0.529 0
 0.516  0.552 0
 0.660  0.557 0
 0.226  0.580 0
 0.493  0.581 0
 0.081  0.614 0
 0.270  0.609 0
 0.281  0.614 0
 0.630  0.614 0
 0.287  0.616 0
 0.430  0.620 0
 0.344  0.629 0
 0.384  0.630 0
 0.609  0.643 0
 0.117  0.654 0
 0.150  0.680 0
 0.561  0.685 0
 0.241  0.723 0
 0.470  0.728 0
 0.333  0.741 0
 0.396  0.741 0
numpoly 56
3 2 13 5
3 0 8 2
3 11 4 14
3 1 8 0
3 3 11 1
3 15 23 21
3 2 10 13
3 11 8 1
3 11 3 4
3 7 14 4
3 10 2 8
3 14 7 18
3 17 6 13
3 6 5 13
3 17 15 9
3 18 12 20
3 7 12 18
3 17 9 6
3 16 20 12
3 24 20 16
3 19 15 17
3 15 19 23
3 23 19 22
3 27 28 29
3 26 20 24
3 26 24 25
3 21 28 27
3 28 21 23
3 29 30 31
3 28 30 29
3 31 32 37
3 39 38 33
3 34 39 33
3 32 31 30
3 37 32 36
3 55 49 47
3 37 36 42
3 51 42 36
3 34 35 39
3 45 41 38
3 52 40 43
3 46 43 44
3 50 41 45
3 56 49 57
3 40 51 36
3 51 40 52
3 45 38 39
3 52 43 54
3 47 41 53
3 54 46 48
3 56 48 49
3 53 41 50
3 54 48 56
3 54 43 46
3 57 49 55
3 55 47 53
end
char d
width  0.693
numpts 48
 0.322 -0.090 0
 0.373 -0.090 0
 0.436 -0.077 0
 0.573 -0.072 0
 0.693 -0.069 0
 0.219 -0.065 0
 0.482 -0.056 0
 0.168 -0.037 0
 0.111  0.010 0
 0.568  0.018 0
 0.345  0.022 0
 0.305  0.029 0
 0.413  0.029 0
 0.489  0.071 0
 0.225  0.076 0
 0.046  0.106 0
 0.523  0.111 0
 0.190  0.117 0
 0.549  0.163 0
 0.022  0.169 0
 0.551  0.167 0
 0.553  0.174 0
 0.154  0.203 0
 0.572  0.277 0
 0.000  0.289 0
 0.141  0.289 0
 0.000  0.363 0
 0.569  0.386 0
 0.143  0.397 0
 0.541  0.500 0
 0.029  0.511 0
 0.175  0.517 0
 0.505  0.558 0
 0.231  0.587 0
 0.076  0.608 0
 0.442  0.609 0
 0.293  0.622 0
 0.373  0.629 0
 0.556  0.640 0
 0.560  0.649 0
 0.116  0.656 0
 0.465  0.714 0
 0.213  0.718 0
 0.311  0.741 0
 0.362  0.742 0
 0.565  1.026 0
 0.693  1.023 0
 0.688  1.027 0
numpoly 48
3 0 11 5
3 12 6 13
3 1 2 12
3 7 14 8
3 10 0 1
3 14 7 5
3 10 1 12
3 6 12 2
3 0 10 11
3 8 17 15
3 9 16 13
3 14 5 11
3 4 9 3
3 6 9 13
3 9 4 18
3 16 9 18
3 15 22 19
3 17 8 14
3 22 15 17
3 20 18 21
3 21 18 4
3 19 25 24
3 21 4 23
3 25 19 22
3 26 24 25
3 26 28 30
3 39 27 4
3 26 25 28
3 39 38 29
3 29 38 32
3 27 39 29
3 30 31 34
3 32 38 35
3 31 30 28
3 40 34 31
3 36 42 33
3 23 4 27
3 35 41 37
3 33 40 31
3 40 33 42
3 41 35 38
3 42 36 43
3 37 43 36
3 44 37 41
3 37 44 43
3 46 47 45
3 39 4 45
3 4 46 45
end
char e
width  0.736
numpts 65
 0.350 -0.090 0
 0.413 -0.090 0
 0.258 -0.075 0
 0.516 -0.071 0
 0.207 -0.056 0
 0.578 -0.043 0
 0.138 -0.015 0
 0.630 -0.007 0
 0.098  0.022 0
 0.361  0.022 0
 0.407  0.022 0
 0.298  0.036 0
 0.483  0.043 0
 0.683  0.054 0
 0.258  0.055 0
 0.064  0.066 0
 0.521  0.068 0
 0.206  0.100 0
 0.713  0.111 0
 0.574  0.134 0
 0.172  0.151 0
 0.022  0.157 0
 0.167  0.163 0
 0.730  0.163 0
 0.165  0.169 0
 0.716  0.170 0
 0.596  0.181 0
 0.153  0.203 0
 0.006  0.226 0
 0.140  0.283 0
 0.144  0.289 0
 0.736  0.294 0
 0.000  0.357 0
 0.734  0.397 0
 0.150  0.401 0
 0.590  0.401 0
 0.143  0.409 0
 0.597  0.409 0
 0.006  0.414 0
 0.156  0.473 0
 0.025  0.494 0
 0.716  0.490 0
 0.573  0.507 0
 0.190  0.541 0
 0.550  0.546 0
 0.209  0.563 0
 0.058  0.570 0
 0.516  0.582 0
 0.672  0.586 0
 0.253  0.598 0
 0.481  0.605 0
 0.094  0.620 0
 0.293  0.617 0
 0.436  0.623 0
 0.350  0.629 0
 0.396  0.630 0
 0.134  0.660 0
 0.613  0.655 0
 0.573  0.686 0
 0.213  0.709 0
 0.521  0.714 0
 0.258  0.726 0
 0.470  0.731 0
 0.344  0.742 0
 0.401  0.742 0
numpoly 65
3 0 9 11
3 10 1 3
3 10 3 12
3 5 12 3
3 17 8 6
3 10 0 1
3 0 11 2
3 4 14 6
3 0 10 9
3 7 16 5
3 5 16 12
3 14 2 11
3 16 7 19
3 14 4 2
3 15 8 17
3 26 18 25
3 17 6 14
3 15 27 21
3 7 13 19
3 23 25 18
3 20 15 17
3 26 19 18
3 18 19 13
3 24 20 22
3 15 20 24
3 15 24 27
3 21 27 28
3 28 29 32
3 33 37 35
3 29 28 27
3 32 29 38
3 35 34 30
3 40 39 46
3 33 35 30
3 31 33 30
3 36 38 29
3 36 29 34
3 37 41 42
3 40 38 36
3 30 34 29
3 39 40 36
3 41 37 33
3 46 43 51
3 51 49 56
3 42 48 44
3 48 42 41
3 44 48 47
3 49 51 45
3 43 46 39
3 56 49 59
3 50 62 53
3 57 47 48
3 64 55 53
3 45 51 43
3 55 63 54
3 58 47 57
3 62 50 60
3 59 52 61
3 59 49 52
3 47 60 50
3 61 54 63
3 60 47 58
3 61 52 54
3 64 53 62
3 55 64 63
end
char f
width  0.451
numpts 24
 0.114 -0.072 0
 0.240 -0.072 0
 0.109  0.614 0
 0.245  0.614 0
 0.000  0.620 0
 0.394  0.620 0
 0.398  0.717 0
 0.000  0.723 0
 0.109  0.729 0
 0.245  0.729 0
 0.394  0.723 0
 0.244  0.831 0
 0.110  0.860 0
 0.268  0.896 0
 0.120  0.917 0
 0.297  0.913 0
 0.337  0.921 0
 0.434  0.918 0
 0.145  0.969 0
 0.177  1.001 0
 0.222  1.028 0
 0.451  1.031 0
 0.297  1.044 0
 0.360  1.044 0
numpoly 22
3 0 3 2
3 3 0 1
3 4 8 7
3 9 3 5
3 2 3 8
3 5 6 10
3 4 2 8
3 9 8 3
3 8 11 12
3 11 8 9
3 12 11 14
3 9 5 10
3 13 19 18
3 13 18 14
3 13 14 11
3 23 15 16
3 15 23 22
3 21 23 17
3 15 20 13
3 19 13 20
3 20 15 22
3 23 16 17
end
char g
width  0.700
numpts 71
 0.276 -0.393 0
 0.373 -0.396 0
 0.470 -0.380 0
 0.161 -0.362 0
 0.550 -0.346 0
 0.093 -0.319 0
 0.611 -0.300 0
 0.316 -0.284 0
 0.430 -0.274 0
 0.253 -0.271 0
 0.041 -0.243 0
 0.654 -0.243 0
 0.499 -0.237 0
 0.189 -0.231 0
 0.528 -0.203 0
 0.679 -0.180 0
 0.156 -0.157 0
 0.556 -0.140 0
 0.030 -0.140 0
 0.316 -0.073 0
 0.367 -0.073 0
 0.241 -0.060 0
 0.458 -0.051 0
 0.178 -0.034 0
 0.504 -0.025 0
 0.700 -0.009 0
 0.556  0.019 0
 0.557  0.020 0
 0.565  0.020 0
 0.561  0.023 0
 0.098  0.034 0
 0.338  0.039 0
 0.378  0.039 0
 0.281  0.052 0
 0.447  0.058 0
 0.224  0.087 0
 0.487  0.084 0
 0.039  0.129 0
 0.187  0.129 0
 0.535  0.140 0
 0.160  0.186 0
 0.012  0.209 0
 0.562  0.209 0
 0.000  0.283 0
 0.140  0.294 0
 0.577  0.357 0
 0.000  0.374 0
 0.143  0.409 0
 0.558  0.471 0
 0.158  0.477 0
 0.018  0.478 0
 0.535  0.523 0
 0.045  0.551 0
 0.197  0.551 0
 0.506  0.563 0
 0.470  0.594 0
 0.078  0.609 0
 0.258  0.605 0
 0.293  0.620 0
 0.373  0.630 0
 0.384  0.628 0
 0.390  0.627 0
 0.573  0.635 0
 0.127  0.664 0
 0.493  0.702 0
 0.201  0.712 0
 0.581  0.723 0
 0.696  0.723 0
 0.436  0.728 0
 0.276  0.736 0
 0.367  0.742 0
numpoly 71
3 1 7 0
3 8 4 12
3 2 8 1
3 0 9 3
3 7 1 8
3 5 13 10
3 9 0 7
3 13 5 3
3 8 2 4
3 6 14 12
3 6 12 4
3 11 15 17
3 11 14 6
3 13 3 9
3 14 11 17
3 10 16 18
3 16 10 13
3 17 25 28
3 23 21 33
3 22 32 20
3 32 19 20
3 35 23 33
3 19 31 21
3 23 35 30
3 31 19 32
3 32 22 34
3 26 29 36
3 17 15 25
3 33 21 31
3 26 36 24
3 24 34 22
3 26 27 29
3 36 34 24
3 36 29 39
3 30 38 37
3 39 28 25
3 39 29 28
3 37 40 41
3 38 40 37
3 30 35 38
3 39 25 42
3 44 46 43
3 44 43 41
3 44 41 40
3 42 25 45
3 67 51 48
3 46 47 50
3 67 48 45
3 47 46 44
3 50 49 52
3 49 50 47
3 67 62 51
3 62 54 51
3 56 52 49
3 54 62 55
3 55 64 61
3 60 61 59
3 53 56 49
3 56 53 63
3 63 57 65
3 65 58 69
3 65 57 58
3 70 59 61
3 59 69 58
3 64 55 62
3 67 45 25
3 67 66 62
3 63 53 57
3 68 70 61
3 59 70 69
3 64 68 61
end
char h
width  0.644
numpts 27
 0.000 -0.072 0
 0.126 -0.072 0
 0.514 -0.072 0
 0.640 -0.072 0
 0.131  0.403 0
 0.132  0.409 0
 0.510  0.460 0
 0.644  0.477 0
 0.143  0.483 0
 0.500  0.517 0
 0.636  0.546 0
 0.179  0.551 0
 0.474  0.569 0
 0.229  0.594 0
 0.434  0.603 0
 0.614  0.614 0
 0.286  0.617 0
 0.366  0.624 0
 0.132  0.640 0
 0.572  0.673 0
 0.212  0.700 0
 0.532  0.702 0
 0.263  0.724 0
 0.440  0.735 0
 0.343  0.742 0
 0.000  1.026 0
 0.126  1.026 0
numpoly 25
3 0 4 25
3 4 18 25
3 6 2 3
3 9 6 7
3 7 6 3
3 18 8 11
3 18 11 13
3 9 15 12
3 12 19 14
3 10 9 7
3 18 13 20
3 8 4 5
3 15 9 10
3 4 0 1
3 18 4 8
3 17 24 16
3 19 21 14
3 14 23 17
3 20 16 22
3 16 20 13
3 19 12 15
3 17 23 24
3 23 14 21
3 24 22 16
3 18 26 25
end
char i
width  0.126
numpts 8
 0.000 -0.072 0
 0.126 -0.072 0
 0.000  0.723 0
 0.126  0.723 0
 0.000  0.874 0
 0.126  0.874 0
 0.000  1.026 0
 0.126  1.026 0
numpoly 4
3 3 2 0
3 3 0 1
3 4 5 6
3 7 6 5
end
char j
width  0.302
numpts 18
 0.075 -0.396 0
 0.149 -0.393 0
 0.000 -0.380 0
 0.195 -0.379 0
 0.240 -0.350 0
 0.266 -0.317 0
 0.115 -0.275 0
 0.029 -0.270 0
 0.287 -0.266 0
 0.149 -0.249 0
 0.302 -0.169 0
 0.168 -0.163 0
 0.172  0.723 0
 0.298  0.723 0
 0.172  0.874 0
 0.298  0.874 0
 0.172  1.026 0
 0.298  1.026 0
numpoly 14
3 1 6 0
3 3 6 1
3 4 6 3
3 9 10 11
3 7 0 6
3 7 2 0
3 9 5 8
3 5 9 4
3 6 4 9
3 9 8 10
3 11 10 12
3 13 12 10
3 14 15 16
3 17 16 15
end
char k
width  0.653
numpts 15
 0.129 -0.071 0
 0.653 -0.071 0
 0.000 -0.069 0
 0.492 -0.070 0
 0.135  0.243 0
 0.439  0.254 0
 0.435  0.260 0
 0.435  0.261 0
 0.223  0.329 0
 0.138  0.409 0
 0.326  0.426 0
 0.452  0.723 0
 0.618  0.723 0
 0.003  1.026 0
 0.132  1.023 0
numpoly 13
3 2 9 13
3 4 2 0
3 5 8 3
3 5 3 1
3 5 6 7
3 9 14 13
3 11 9 10
3 5 7 8
3 7 10 8
3 8 9 4
3 12 11 10
3 9 8 10
3 2 4 9
end
char l
width  0.131
numpts 4
 0.128 -0.071 0
 0.000 -0.069 0
 0.002  1.026 0
 0.131  1.023 0
numpoly 2
3 1 3 2
3 3 1 0
end
char m
width  1.072
numpts 45
 0.000 -0.072 0
 0.125 -0.072 0
 0.474 -0.073 0
 0.943 -0.072 0
 1.068 -0.072 0
 0.468 -0.069 0
 0.600 -0.069 0
 0.133  0.374 0
 0.601  0.403 0
 0.607  0.460 0
 0.145  0.483 0
 0.467  0.483 0
 0.938  0.483 0
 1.072  0.523 0
 0.632  0.534 0
 0.165  0.535 0
 0.928  0.540 0
 0.190  0.569 0
 0.442  0.569 0
 0.903  0.584 0
 0.685  0.592 0
 0.417  0.598 0
 0.583  0.608 0
 0.264  0.614 0
 0.120  0.619 0
 0.388  0.615 0
 0.851  0.616 0
 1.048  0.620 0
 0.314  0.624 0
 0.760  0.622 0
 0.817  0.624 0
 0.167  0.671 0
 0.543  0.670 0
 1.010  0.677 0
 0.663  0.689 0
 0.497  0.708 0
 0.960  0.714 0
 0.111  0.723 0
 0.000  0.723 0
 0.257  0.725 0
 0.748  0.731 0
 0.914  0.731 0
 0.428  0.735 0
 0.331  0.741 0
 0.805  0.742 0
numpoly 43
3 6 5 2
3 0 7 38
3 8 11 5
3 7 0 1
3 8 5 6
3 12 3 4
3 12 13 16
3 9 11 8
3 15 17 24
3 11 22 18
3 22 20 34
3 11 9 22
3 14 22 9
3 13 12 4
3 24 17 31
3 7 10 38
3 10 15 24
3 16 27 19
3 32 21 18
3 24 37 38
3 20 22 14
3 10 24 38
3 27 16 13
3 31 23 39
3 26 41 30
3 30 40 29
3 32 18 22
3 41 19 36
3 34 29 40
3 19 41 26
3 36 19 33
3 23 31 17
3 35 21 32
3 29 34 20
3 39 28 43
3 33 19 27
3 43 28 42
3 25 42 28
3 28 39 23
3 42 25 21
3 42 21 35
3 44 30 41
3 30 44 40
end
char n
width  0.648
numpts 38
 0.004 -0.072 0
 0.129 -0.072 0
 0.512 -0.072 0
 0.644 -0.072 0
 0.000 -0.066 0
 0.134 -0.066 0
 0.508 -0.066 0
 0.648 -0.066 0
 0.134  0.403 0
 0.137  0.414 0
 0.139  0.449 0
 0.505  0.483 0
 0.648  0.483 0
 0.156  0.511 0
 0.490  0.540 0
 0.642  0.540 0
 0.188  0.563 0
 0.221  0.589 0
 0.455  0.587 0
 0.628  0.591 0
 0.274  0.614 0
 0.409  0.613 0
 0.124  0.620 0
 0.324  0.624 0
 0.364  0.624 0
 0.375  0.622 0
 0.381  0.621 0
 0.598  0.649 0
 0.165  0.666 0
 0.552  0.692 0
 0.215  0.702 0
 0.000  0.717 0
 0.512  0.714 0
 0.115  0.723 0
 0.004  0.723 0
 0.284  0.731 0
 0.444  0.735 0
 0.347  0.742 0
numpoly 36
3 1 4 0
3 3 6 2
3 1 5 4
3 3 7 6
3 6 12 11
3 11 15 14
3 6 7 12
3 22 16 28
3 10 8 9
3 13 22 10
3 10 22 8
3 8 4 5
3 15 11 12
3 8 22 4
3 14 15 19
3 14 19 18
3 25 26 24
3 16 22 13
3 16 17 28
3 30 28 17
3 27 18 19
3 32 23 24
3 29 18 27
3 30 20 35
3 18 32 21
3 31 4 22
3 20 30 17
3 32 26 21
3 32 24 26
3 32 18 29
3 34 31 33
3 33 31 22
3 35 23 37
3 23 35 20
3 36 23 32
3 37 23 36
end
char o
width  0.746
numpts 65
 0.338 -0.090 0
 0.401 -0.090 0
 0.498 -0.071 0
 0.218 -0.062 0
 0.573 -0.038 0
 0.155 -0.028 0
 0.624 -0.001 0
 0.098  0.022 0
 0.350  0.022 0
 0.413  0.024 0
 0.315  0.028 0
 0.453  0.036 0
 0.670  0.049 0
 0.258  0.052 0
 0.064  0.066 0
 0.515  0.073 0
 0.699  0.094 0
 0.207  0.096 0
 0.035  0.123 0
 0.187  0.123 0
 0.184  0.128 0
 0.184  0.129 0
 0.562  0.129 0
 0.573  0.151 0
 0.578  0.163 0
 0.580  0.169 0
 0.730  0.180 0
 0.015  0.186 0
 0.155  0.197 0
 0.593  0.209 0
 0.143  0.260 0
 0.000  0.283 0
 0.745  0.289 0
 0.605  0.294 0
 0.140  0.363 0
 0.746  0.374 0
 0.003  0.397 0
 0.602  0.397 0
 0.160  0.471 0
 0.730  0.471 0
 0.019  0.483 0
 0.578  0.489 0
 0.039  0.540 0
 0.194  0.540 0
 0.706  0.540 0
 0.550  0.541 0
 0.521  0.573 0
 0.230  0.578 0
 0.684  0.580 0
 0.081  0.610 0
 0.293  0.616 0
 0.453  0.616 0
 0.350  0.629 0
 0.395  0.629 0
 0.407  0.627 0
 0.413  0.627 0
 0.639  0.637 0
 0.117  0.649 0
 0.155  0.679 0
 0.561  0.696 0
 0.207  0.708 0
 0.258  0.726 0
 0.493  0.725 0
 0.344  0.742 0
 0.407  0.741 0
numpoly 65
3 11 4 15
3 8 0 1
3 17 7 5
3 11 2 4
3 2 9 1
3 8 1 9
3 0 8 10
3 0 10 3
3 2 11 9
3 3 13 5
3 10 13 3
3 6 12 22
3 6 15 4
3 15 6 22
3 18 28 27
3 17 5 13
3 14 19 18
3 16 23 22
3 19 7 17
3 7 19 14
3 18 19 21
3 24 23 25
3 25 23 16
3 19 20 21
3 16 22 12
3 26 29 25
3 27 30 31
3 26 25 16
3 28 18 21
3 29 26 33
3 30 27 28
3 31 34 36
3 33 32 35
3 26 32 33
3 34 31 30
3 33 35 37
3 40 36 34
3 37 39 41
3 40 38 42
3 39 37 35
3 47 57 43
3 38 40 34
3 43 49 42
3 46 45 56
3 39 44 41
3 41 48 45
3 43 57 49
3 41 44 48
3 43 42 38
3 57 47 58
3 54 55 53
3 56 45 48
3 50 60 47
3 64 63 53
3 64 55 62
3 53 63 52
3 59 62 51
3 61 60 50
3 64 53 55
3 51 62 55
3 52 61 50
3 59 46 56
3 61 52 63
3 46 59 51
3 58 47 60
end
char p
width  0.690
numpts 49
 0.000 -0.377 0
 0.129 -0.374 0
 0.315 -0.090 0
 0.423 -0.080 0
 0.229 -0.067 0
 0.509 -0.043 0
 0.130 -0.003 0
 0.560 -0.007 0
 0.137  0.002 0
 0.349  0.022 0
 0.275  0.029 0
 0.389  0.030 0
 0.614  0.054 0
 0.206  0.067 0
 0.463  0.073 0
 0.152  0.134 0
 0.150  0.140 0
 0.147  0.146 0
 0.517  0.146 0
 0.660  0.146 0
 0.129  0.197 0
 0.538  0.209 0
 0.681  0.226 0
 0.118  0.271 0
 0.116  0.283 0
 0.550  0.294 0
 0.690  0.300 0
 0.118  0.369 0
 0.550  0.369 0
 0.681  0.437 0
 0.537  0.455 0
 0.137  0.472 0
 0.509  0.529 0
 0.172  0.541 0
 0.640  0.564 0
 0.200  0.576 0
 0.446  0.600 0
 0.269  0.622 0
 0.406  0.622 0
 0.120  0.631 0
 0.320  0.636 0
 0.582  0.649 0
 0.212  0.708 0
 0.503  0.707 0
 0.000  0.723 0
 0.115  0.723 0
 0.269  0.732 0
 0.446  0.729 0
 0.377  0.742 0
numpoly 49
3 0 1 6
3 0 24 44
3 3 9 2
3 2 10 4
3 3 11 9
3 4 13 8
3 10 2 9
3 11 5 14
3 11 3 5
3 7 14 5
3 4 10 13
3 14 12 18
3 14 7 12
3 0 20 24
3 15 8 13
3 8 15 6
3 19 18 12
3 18 19 21
3 21 22 25
3 24 27 44
3 17 15 16
3 22 21 19
3 28 25 26
3 22 26 25
3 6 15 17
3 29 30 28
3 23 24 20
3 20 6 17
3 29 28 26
3 30 34 32
3 27 31 44
3 0 6 20
3 31 39 44
3 32 41 36
3 41 32 34
3 31 33 39
3 42 37 46
3 39 35 42
3 34 30 29
3 39 33 35
3 38 47 40
3 35 37 42
3 47 38 43
3 40 46 37
3 43 36 41
3 39 45 44
3 46 40 48
3 48 40 47
3 38 36 43
end
char q
width  0.690
numpts 52
 0.564 -0.377 0
 0.690 -0.377 0
 0.370 -0.090 0
 0.256 -0.077 0
 0.456 -0.068 0
 0.164 -0.032 0
 0.513 -0.035 0
 0.560 -0.003 0
 0.553  0.005 0
 0.101  0.024 0
 0.347  0.022 0
 0.381  0.022 0
 0.393  0.024 0
 0.398  0.025 0
 0.278  0.039 0
 0.450  0.044 0
 0.237  0.066 0
 0.511  0.094 0
 0.043  0.111 0
 0.190  0.117 0
 0.187  0.122 0
 0.187  0.123 0
 0.554  0.174 0
 0.015  0.191 0
 0.152  0.209 0
 0.571  0.254 0
 0.003  0.260 0
 0.571  0.271 0
 0.140  0.283 0
 0.574  0.289 0
 0.000  0.374 0
 0.143  0.403 0
 0.558  0.453 0
 0.015  0.471 0
 0.158  0.478 0
 0.536  0.513 0
 0.203  0.563 0
 0.497  0.569 0
 0.061  0.586 0
 0.256  0.609 0
 0.421  0.622 0
 0.296  0.627 0
 0.570  0.626 0
 0.097  0.637 0
 0.370  0.635 0
 0.528  0.671 0
 0.170  0.696 0
 0.467  0.714 0
 0.578  0.723 0
 0.690  0.723 0
 0.250  0.730 0
 0.364  0.742 0
numpoly 52
3 29 27 25
3 49 42 32
3 22 7 25
3 3 13 11
3 2 13 3
3 4 13 2
3 6 15 4
3 11 13 12
3 3 14 5
3 13 4 15
3 10 3 11
3 15 6 8
3 14 3 10
3 15 8 17
3 24 23 18
3 5 16 9
3 17 8 22
3 14 16 5
3 9 19 18
3 19 20 21
3 18 19 21
3 42 35 32
3 7 22 8
3 16 19 9
3 49 48 42
3 7 0 1
3 24 18 21
3 23 24 26
3 26 28 30
3 28 26 24
3 30 31 33
3 34 33 31
3 31 30 28
3 33 34 38
3 49 29 25
3 36 43 38
3 49 25 7
3 35 42 37
3 37 45 40
3 45 37 42
3 29 49 32
3 45 47 40
3 39 43 36
3 46 39 50
3 40 47 44
3 43 39 46
3 36 38 34
3 41 44 51
3 41 50 39
3 49 7 1
3 50 41 51
3 51 44 47
end
char r
width  0.427
numpts 24
 0.005 -0.072 0
 0.130 -0.072 0
 0.000 -0.066 0
 0.134 -0.066 0
 0.134  0.380 0
 0.156  0.500 0
 0.178  0.546 0
 0.206  0.574 0
 0.376  0.578 0
 0.382  0.579 0
 0.239  0.593 0
 0.336  0.594 0
 0.273  0.601 0
 0.125  0.614 0
 0.178  0.689 0
 0.427  0.694 0
 0.424  0.700 0
 0.000  0.717 0
 0.116  0.723 0
 0.005  0.723 0
 0.222  0.724 0
 0.359  0.731 0
 0.273  0.741 0
 0.313  0.741 0
numpoly 22
3 1 2 0
3 1 3 2
3 4 2 3
3 5 6 13
3 5 13 17
3 21 11 15
3 2 4 17
3 4 5 17
3 6 7 13
3 18 17 13
3 7 10 14
3 13 7 14
3 14 12 20
3 11 21 12
3 9 15 11
3 12 14 10
3 19 17 18
3 20 12 22
3 8 9 11
3 21 15 16
3 22 12 23
3 23 12 21
end
char s
width  0.658
numpts 63
 0.368 -0.090 0
 0.271 -0.087 0
 0.460 -0.074 0
 0.180 -0.067 0
 0.513 -0.054 0
 0.140 -0.049 0
 0.569 -0.020 0
 0.094 -0.018 0
 0.604  0.014 0
 0.311  0.022 0
 0.363  0.022 0
 0.374  0.024 0
 0.386  0.024 0
 0.054  0.026 0
 0.448  0.042 0
 0.226  0.044 0
 0.030  0.066 0
 0.191  0.067 0
 0.492  0.077 0
 0.644  0.083 0
 0.508  0.100 0
 0.150  0.123 0
 0.658  0.140 0
 0.519  0.157 0
 0.000  0.163 0
 0.002  0.169 0
 0.129  0.186 0
 0.507  0.191 0
 0.656  0.203 0
 0.466  0.228 0
 0.645  0.243 0
 0.618  0.289 0
 0.151  0.324 0
 0.563  0.336 0
 0.111  0.344 0
 0.500  0.363 0
 0.066  0.384 0
 0.035  0.437 0
 0.220  0.445 0
 0.184  0.466 0
 0.167  0.483 0
 0.021  0.494 0
 0.500  0.505 0
 0.153  0.517 0
 0.628  0.523 0
 0.484  0.551 0
 0.161  0.563 0
 0.029  0.569 0
 0.448  0.595 0
 0.191  0.598 0
 0.603  0.610 0
 0.049  0.616 0
 0.237  0.620 0
 0.391  0.623 0
 0.294  0.630 0
 0.555  0.671 0
 0.094  0.673 0
 0.511  0.700 0
 0.146  0.706 0
 0.197  0.725 0
 0.426  0.731 0
 0.283  0.741 0
 0.351  0.741 0
numpoly 61
3 2 12 0
3 10 1 12
3 12 2 14
3 14 4 6
3 7 17 13
3 0 12 1
3 4 14 2
3 11 10 12
3 15 3 1
3 3 15 5
3 9 1 10
3 14 6 18
3 15 1 9
3 17 5 15
3 6 8 18
3 5 17 7
3 21 16 13
3 16 21 24
3 18 8 20
3 23 28 27
3 21 13 17
3 19 22 23
3 26 25 21
3 21 25 24
3 20 19 23
3 19 20 8
3 28 23 22
3 27 33 29
3 28 30 27
3 31 27 30
3 27 31 33
3 29 38 32
3 35 29 33
3 29 35 38
3 34 38 36
3 32 38 34
3 36 40 37
3 39 36 38
3 41 43 47
3 43 41 37
3 36 39 40
3 50 45 42
3 43 37 40
3 47 46 51
3 46 47 43
3 53 60 54
3 45 57 48
3 52 58 49
3 45 55 57
3 51 49 56
3 49 51 46
3 50 42 44
3 48 57 53
3 56 49 58
3 55 45 50
3 52 59 58
3 59 52 61
3 52 54 61
3 60 53 57
3 61 54 62
3 62 54 60
end
char t
width  0.381
numpts 24
 0.252 -0.084 0
 0.309 -0.084 0
 0.381 -0.071 0
 0.166 -0.059 0
 0.128 -0.026 0
 0.109  0.009 0
 0.275  0.048 0
 0.274  0.049 0
 0.366  0.043 0
 0.269  0.050 0
 0.240  0.077 0
 0.096  0.100 0
 0.230  0.117 0
 0.095  0.614 0
 0.232  0.614 0
 0.000  0.620 0
 0.363  0.620 0
 0.368  0.717 0
 0.363  0.723 0
 0.000  0.723 0
 0.095  0.729 0
 0.232  0.729 0
 0.096  0.917 0
 0.229  0.995 0
numpoly 22
3 10 5 4
3 6 7 9
3 10 4 3
3 10 3 9
3 8 6 1
3 6 9 1
3 5 10 11
3 8 1 2
3 0 9 3
3 11 12 13
3 0 1 9
3 10 12 11
3 17 18 16
3 14 13 12
3 21 14 16
3 18 21 16
3 22 20 23
3 20 13 14
3 15 20 19
3 15 13 20
3 20 14 21
3 23 20 21
end
char u
width  0.646
numpts 38
 0.248 -0.090 0
 0.299 -0.090 0
 0.179 -0.077 0
 0.533 -0.073 0
 0.642 -0.072 0
 0.397 -0.066 0
 0.528 -0.069 0
 0.646 -0.066 0
 0.111 -0.048 0
 0.471 -0.018 0
 0.061 -0.009 0
 0.036  0.027 0
 0.282  0.027 0
 0.322  0.028 0
 0.235  0.037 0
 0.522  0.037 0
 0.379  0.041 0
 0.201  0.054 0
 0.413  0.058 0
 0.175  0.077 0
 0.013  0.084 0
 0.453  0.087 0
 0.155  0.106 0
 0.151  0.117 0
 0.477  0.117 0
 0.148  0.123 0
 0.495  0.157 0
 0.000  0.174 0
 0.138  0.174 0
 0.512  0.260 0
 0.000  0.717 0
 0.135  0.717 0
 0.512  0.717 0
 0.646  0.717 0
 0.005  0.723 0
 0.131  0.723 0
 0.516  0.723 0
 0.642  0.723 0
numpoly 36
3 6 3 15
3 3 7 15
3 3 4 7
3 8 17 10
3 2 14 17
3 2 17 8
3 5 13 1
3 19 11 10
3 9 16 5
3 12 1 13
3 0 12 2
3 12 0 1
3 9 18 16
3 13 5 16
3 14 2 12
3 11 22 20
3 21 18 9
3 15 21 9
3 21 15 24
3 20 28 27
3 11 19 22
3 24 7 26
3 19 10 17
3 24 15 7
3 25 22 23
3 20 22 25
3 20 25 28
3 26 7 29
3 31 30 27
3 33 29 7
3 34 31 35
3 34 30 31
3 31 27 28
3 36 33 37
3 32 29 33
3 36 32 33
end
char v
width  0.722
numpts 12
 0.295 -0.069 0
 0.427 -0.071 0
 0.358  0.098 0
 0.364  0.098 0
 0.314  0.237 0
 0.000  0.717 0
 0.722  0.717 0
 0.002  0.723 0
 0.141  0.720 0
 0.587  0.721 0
 0.720  0.723 0
 0.135  0.724 0
numpoly 10
3 4 0 2
3 0 4 5
3 3 2 0
3 1 3 0
3 3 6 9
3 8 11 5
3 9 6 10
3 7 5 11
3 8 5 4
3 3 1 6
end
char w
width  1.080
numpts 14
 0.243 -0.072 0
 0.374 -0.072 0
 0.825 -0.073 0
 0.694 -0.069 0
 0.305  0.106 0
 0.311  0.106 0
 0.768  0.121 0
 0.540  0.528 0
 0.000  0.723 0
 0.134  0.721 0
 0.477  0.722 0
 0.610  0.723 0
 1.080  0.723 0
 0.957  0.723 0
numpoly 12
3 2 6 3
3 0 4 8
3 3 6 7
3 5 0 1
3 12 13 6
3 5 4 0
3 7 10 5
3 11 10 7
3 7 5 1
3 11 7 6
3 4 9 8
3 12 6 2
end
char x
width  0.727
numpts 17
 0.002 -0.071 0
 0.726 -0.071 0
 0.000 -0.066 0
 0.159 -0.070 0
 0.571 -0.071 0
 0.727 -0.066 0
 0.365  0.225 0
 0.371  0.225 0
 0.448  0.334 0
 0.280  0.340 0
 0.359  0.450 0
 0.017  0.717 0
 0.713  0.717 0
 0.019  0.723 0
 0.711  0.723 0
 0.171  0.724 0
 0.559  0.724 0
numpoly 15
3 1 5 4
3 2 6 9
3 8 6 7
3 3 2 0
3 4 8 7
3 6 2 3
3 4 5 8
3 8 10 6
3 10 9 6
3 15 11 9
3 16 10 8
3 15 9 10
3 12 16 8
3 13 11 15
3 16 12 14
end
char y
width  0.718
numpts 16
 0.173 -0.396 0
 0.070 -0.380 0
 0.248 -0.376 0
 0.288 -0.350 0
 0.335 -0.294 0
 0.150 -0.267 0
 0.053 -0.258 0
 0.197 -0.254 0
 0.374 -0.220 0
 0.243 -0.214 0
 0.299 -0.077 0
 0.368  0.093 0
 0.000  0.723 0
 0.139  0.720 0
 0.590  0.722 0
 0.718  0.723 0
numpoly 14
3 2 7 0
3 0 5 1
3 5 0 7
3 6 1 5
3 3 7 2
3 7 3 9
3 3 4 9
3 9 8 10
3 9 4 8
3 10 11 12
3 11 15 14
3 11 8 15
3 11 10 8
3 11 13 12
end
char z
width  0.701
numpts 17
 0.006 -0.073 0
 0.697 -0.072 0
 0.000 -0.069 0
 0.701 -0.066 0
 0.000  0.037 0
 0.171  0.037 0
 0.701  0.037 0
 0.170  0.043 0
 0.268  0.043 0
 0.697  0.043 0
 0.034  0.617 0
 0.499  0.620 0
 0.678  0.643 0
 0.030  0.717 0
 0.678  0.717 0
 0.034  0.723 0
 0.674  0.723 0
numpoly 15
3 2 0 4
3 0 1 9
3 0 5 4
3 1 3 9
3 5 0 8
3 5 7 4
3 0 9 8
3 3 6 9
3 12 14 11
3 11 14 16
3 11 16 10
3 12 11 7
3 11 4 7
3 10 15 13
3 15 10 16
end
char {
width  0.423
numpts 39
 0.423 -0.395 0
 0.280 -0.384 0
 0.211 -0.342 0
 0.423 -0.280 0
 0.169 -0.271 0
 0.331 -0.270 0
 0.289 -0.231 0
 0.279 -0.191 0
 0.153 -0.180 0
 0.275  0.043 0
 0.147  0.054 0
 0.263  0.146 0
 0.132  0.163 0
 0.103  0.218 0
 0.234  0.227 0
 0.063  0.249 0
 0.000  0.265 0
 0.205  0.267 0
 0.125  0.323 0
 0.000  0.386 0
 0.063  0.401 0
 0.223  0.403 0
 0.103  0.428 0
 0.246  0.443 0
 0.139  0.494 0
 0.270  0.523 0
 0.153  0.603 0
 0.278  0.809 0
 0.156  0.849 0
 0.289  0.871 0
 0.169  0.911 0
 0.314  0.908 0
 0.319  0.911 0
 0.320  0.912 0
 0.423  0.928 0
 0.217  0.995 0
 0.280  1.033 0
 0.343  1.044 0
 0.423  1.043 0
numpoly 37
3 0 3 5
3 6 2 5
3 2 6 4
3 0 5 1
3 2 1 5
3 4 7 8
3 7 4 6
3 8 9 10
3 10 11 12
3 9 8 7
3 11 10 9
3 12 17 13
3 12 14 17
3 14 12 11
3 18 15 13
3 16 15 20
3 18 13 17
3 16 20 19
3 15 18 20
3 21 22 18
3 22 21 24
3 22 20 18
3 24 25 26
3 23 24 21
3 25 24 23
3 26 27 28
3 27 26 25
3 28 29 30
3 29 28 27
3 30 29 35
3 31 32 33
3 36 31 33
3 31 36 29
3 36 33 37
3 34 38 37
3 35 29 36
3 34 37 33
end
char |
width  0.103
numpts 4
 0.000 -0.395 0
 0.103 -0.396 0
 0.000  1.043 0
 0.103  1.044 0
numpoly 2
3 3 2 0
3 3 0 1
end
char }
width  0.429
numpts 35
 0.000 -0.395 0
 0.137 -0.386 0
 0.217 -0.338 0
 0.000 -0.280 0
 0.097 -0.268 0
 0.260 -0.260 0
 0.134 -0.237 0
 0.273 -0.197 0
 0.150 -0.157 0
 0.276  0.049 0
 0.156  0.117 0
 0.292  0.164 0
 0.177  0.197 0
 0.337  0.233 0
 0.383  0.257 0
 0.217  0.264 0
 0.429  0.266 0
 0.300  0.329 0
 0.240  0.367 0
 0.429  0.386 0
 0.372  0.399 0
 0.325  0.431 0
 0.184  0.437 0
 0.291  0.500 0
 0.153  0.569 0
 0.276  0.786 0
 0.150  0.803 0
 0.141  0.871 0
 0.115  0.909 0
 0.258  0.917 0
 0.000  0.928 0
 0.239  0.957 0
 0.189  1.011 0
 0.143  1.033 0
 0.000  1.043 0
numpoly 33
3 4 3 0
3 2 4 1
3 6 7 8
3 1 4 0
3 2 6 4
3 5 6 2
3 6 5 7
3 8 9 10
3 9 8 7
3 10 11 12
3 15 13 17
3 11 10 9
3 12 11 15
3 13 14 17
3 13 15 11
3 20 17 14
3 20 14 16
3 19 20 16
3 21 17 20
3 17 21 18
3 22 23 24
3 22 18 21
3 23 22 21
3 25 26 24
3 25 24 23
3 29 27 26
3 29 26 25
3 27 31 28
3 31 27 29
3 32 28 31
3 28 33 30
3 33 34 30
3 33 28 32
end
